0 0.808333 0.808333 0.804167 0.812500 0.800000 0.812500 0.797917 0.814583 0.795833 0.814583 0.779167 0.831250 0.777083 0.831250 0.775000 0.833333 0.775000 0.835417 0.772917 0.837500 0.772917 0.841667 0.770833 0.843750 0.768750 0.843750 0.758333 0.854167 0.754167 0.854167 0.750000 0.850000 0.737500 0.850000 0.729167 0.858333 0.716667 0.858333 0.708333 0.866667 0.716667 0.858333 0.729167 0.858333 0.737500 0.850000 0.747917 0.850000 0.750000 0.852083 0.752083 0.852083 0.754167 0.854167 0.758333 0.854167 0.768750 0.843750 0.770833 0.843750 0.772917 0.841667 0.772917 0.837500 0.775000 0.835417 0.775000 0.833333 0.777083 0.831250 0.779167 0.831250 0.795833 0.814583 0.797917 0.814583 0.800000 0.812500 0.804167 0.812500 0.808333 0.808333 0.810417 0.808333
0 0.125000 0.781250 0.125000 0.783333 0.118750 0.789583 0.118750 0.791667 0.110417 0.800000 0.102083 0.800000 0.097917 0.804167 0.093750 0.804167 0.091667 0.806250 0.079167 0.806250 0.077083 0.808333 0.075000 0.808333 0.077083 0.808333 0.079167 0.806250 0.093750 0.806250 0.095833 0.804167 0.097917 0.804167 0.102083 0.800000 0.110417 0.800000 0.118750 0.791667 0.118750 0.789583 0.125000 0.783333
0 0.218750 0.777083 0.218750 0.779167 0.216667 0.781250 0.214583 0.781250 0.204167 0.791667 0.200000 0.791667 0.197917 0.789583 0.181250 0.789583 0.175000 0.795833 0.168750 0.795833 0.166667 0.797917 0.164583 0.797917 0.162500 0.795833 0.152083 0.795833 0.150000 0.797917 0.145833 0.797917 0.143750 0.795833 0.141667 0.795833 0.143750 0.795833 0.145833 0.797917 0.150000 0.797917 0.152083 0.795833 0.162500 0.795833 0.164583 0.797917 0.166667 0.797917 0.168750 0.795833 0.175000 0.795833 0.181250 0.789583 0.197917 0.789583 0.200000 0.791667 0.204167 0.791667 0.214583 0.781250 0.216667 0.781250 0.220833 0.777083
0 0.068750 0.770833 0.064583 0.775000 0.062500 0.775000 0.060417 0.772917 0.056250 0.772917 0.052083 0.777083 0.050000 0.777083 0.047917 0.779167 0.043750 0.779167 0.041667 0.781250 0.008333 0.781250 0.006250 0.783333 0.004167 0.781250 0.006250 0.783333 0.008333 0.781250 0.041667 0.781250 0.043750 0.779167 0.047917 0.779167 0.050000 0.777083 0.052083 0.777083 0.056250 0.772917 0.060417 0.772917 0.062500 0.775000 0.064583 0.775000 0.068750 0.770833 0.072917 0.770833 0.077083 0.775000 0.083333 0.775000 0.085417 0.777083 0.087500 0.777083 0.089583 0.779167 0.093750 0.775000 0.089583 0.779167 0.087500 0.777083 0.085417 0.777083 0.083333 0.775000 0.077083 0.775000 0.072917 0.770833
0 0.468750 0.700000 0.468750 0.702083 0.466667 0.704167 0.464583 0.704167 0.460417 0.708333 0.454167 0.708333 0.450000 0.712500 0.447917 0.712500 0.445833 0.714583 0.443750 0.712500 0.441667 0.714583 0.439583 0.714583 0.433333 0.720833 0.431250 0.720833 0.427083 0.725000 0.422917 0.725000 0.416667 0.731250 0.416667 0.733333 0.406250 0.743750 0.406250 0.747917 0.408333 0.750000 0.406250 0.752083 0.406250 0.754167 0.381250 0.779167 0.379167 0.779167 0.377083 0.781250 0.375000 0.781250 0.375000 0.783333 0.372917 0.785417 0.372917 0.787500 0.375000 0.789583 0.372917 0.787500 0.372917 0.785417 0.379167 0.779167 0.381250 0.779167 0.406250 0.754167 0.406250 0.752083 0.408333 0.750000 0.406250 0.747917 0.406250 0.743750 0.416667 0.733333 0.416667 0.731250 0.422917 0.725000 0.427083 0.725000 0.431250 0.720833 0.433333 0.720833 0.435417 0.718750 0.437500 0.718750 0.437500 0.716667 0.439583 0.714583 0.441667 0.714583 0.443750 0.712500 0.445833 0.714583 0.447917 0.712500 0.450000 0.712500 0.454167 0.708333 0.460417 0.708333 0.464583 0.704167 0.466667 0.704167 0.470833 0.700000 0.472917 0.700000 0.475000 0.702083 0.479167 0.702083 0.481250 0.700000 0.487500 0.700000 0.493750 0.706250 0.502083 0.706250 0.504167 0.704167 0.508333 0.704167 0.510417 0.702083 0.516667 0.702083 0.518750 0.704167 0.516667 0.702083 0.510417 0.702083 0.508333 0.704167 0.504167 0.704167 0.502083 0.706250 0.493750 0.706250 0.487500 0.700000 0.481250 0.700000 0.479167 0.702083 0.475000 0.702083 0.472917 0.700000
0 0.908333 0.691667 0.902083 0.697917 0.900000 0.697917 0.895833 0.702083 0.889583 0.702083 0.887500 0.700000 0.885417 0.700000 0.883333 0.702083 0.879167 0.702083 0.877083 0.704167 0.875000 0.704167 0.875000 0.706250 0.868750 0.712500 0.868750 0.714583 0.864583 0.718750 0.862500 0.718750 0.860417 0.720833 0.860417 0.722917 0.856250 0.727083 0.854167 0.727083 0.852083 0.729167 0.850000 0.729167 0.843750 0.735417 0.843750 0.737500 0.835417 0.745833 0.833333 0.745833 0.831250 0.747917 0.831250 0.754167 0.829167 0.756250 0.829167 0.760417 0.825000 0.764583 0.822917 0.764583 0.818750 0.768750 0.818750 0.770833 0.814583 0.775000 0.818750 0.770833 0.818750 0.768750 0.822917 0.764583 0.825000 0.764583 0.829167 0.760417 0.829167 0.756250 0.831250 0.754167 0.831250 0.747917 0.833333 0.745833 0.835417 0.745833 0.843750 0.737500 0.843750 0.735417 0.850000 0.729167 0.852083 0.729167 0.854167 0.727083 0.856250 0.727083 0.860417 0.722917 0.860417 0.720833 0.862500 0.718750 0.864583 0.718750 0.868750 0.714583 0.868750 0.712500 0.879167 0.702083 0.883333 0.702083 0.885417 0.700000 0.887500 0.700000 0.889583 0.702083 0.895833 0.702083 0.900000 0.697917 0.902083 0.697917 0.908333 0.691667 0.922917 0.691667 0.925000 0.693750 0.933333 0.693750 0.937500 0.697917 0.939583 0.697917 0.937500 0.695833 0.935417 0.695833 0.933333 0.693750 0.925000 0.693750 0.922917 0.691667
0 0.345833 0.675000 0.343750 0.677083 0.343750 0.679167 0.335417 0.687500 0.320833 0.687500 0.312500 0.695833 0.312500 0.697917 0.310417 0.700000 0.308333 0.700000 0.306250 0.702083 0.283333 0.702083 0.281250 0.704167 0.272917 0.704167 0.270833 0.702083 0.268750 0.702083 0.264583 0.706250 0.254167 0.706250 0.252083 0.704167 0.245833 0.704167 0.241667 0.708333 0.233333 0.708333 0.231250 0.706250 0.229167 0.706250 0.216667 0.718750 0.214583 0.718750 0.216667 0.718750 0.229167 0.706250 0.231250 0.706250 0.233333 0.708333 0.241667 0.708333 0.245833 0.704167 0.252083 0.704167 0.254167 0.706250 0.264583 0.706250 0.268750 0.702083 0.270833 0.702083 0.272917 0.704167 0.281250 0.704167 0.283333 0.702083 0.306250 0.702083 0.308333 0.700000 0.310417 0.700000 0.312500 0.697917 0.312500 0.695833 0.320833 0.687500 0.335417 0.687500 0.343750 0.679167 0.343750 0.677083
0 0.897917 0.312500 0.904167 0.312500 0.906250 0.314583 0.906250 0.316667 0.908333 0.314583 0.918750 0.314583 0.920833 0.312500 0.922917 0.312500 0.925000 0.314583 0.927083 0.314583 0.929167 0.316667 0.941667 0.316667 0.954167 0.329167 0.954167 0.333333 0.958333 0.337500 0.960417 0.337500 0.962500 0.339583 0.962500 0.341667 0.964583 0.343750 0.966667 0.343750 0.968750 0.345833 0.968750 0.347917 0.970833 0.350000 0.972917 0.350000 0.985417 0.362500 0.987500 0.362500 0.989583 0.364583 0.991667 0.364583 0.995833 0.368750 0.995833 0.370833 0.997917 0.372917 0.995833 0.370833 0.995833 0.368750 0.991667 0.364583 0.989583 0.364583 0.987500 0.362500 0.985417 0.362500 0.972917 0.350000 0.970833 0.350000 0.968750 0.347917 0.968750 0.345833 0.966667 0.343750 0.964583 0.343750 0.962500 0.341667 0.962500 0.339583 0.960417 0.337500 0.958333 0.337500 0.954167 0.333333 0.954167 0.329167 0.941667 0.316667 0.929167 0.316667 0.927083 0.314583 0.925000 0.314583 0.922917 0.312500 0.920833 0.312500 0.918750 0.314583 0.906250 0.314583 0.904167 0.312500
0 0.712500 0.187500 0.722917 0.187500 0.725000 0.189583 0.739583 0.189583 0.741667 0.191667 0.741667 0.193750 0.743750 0.195833 0.743750 0.212500 0.745833 0.214583 0.745833 0.216667 0.750000 0.220833 0.750000 0.225000 0.752083 0.227083 0.752083 0.229167 0.756250 0.233333 0.758333 0.233333 0.764583 0.239583 0.766667 0.239583 0.768750 0.241667 0.770833 0.241667 0.772917 0.243750 0.775000 0.243750 0.777083 0.241667 0.781250 0.245833 0.781250 0.250000 0.783333 0.250000 0.791667 0.258333 0.791667 0.262500 0.797917 0.268750 0.797917 0.275000 0.795833 0.277083 0.797917 0.275000 0.800000 0.275000 0.804167 0.279167 0.812500 0.279167 0.812500 0.277083 0.814583 0.275000 0.818750 0.275000 0.820833 0.277083 0.825000 0.277083 0.829167 0.272917 0.831250 0.272917 0.833333 0.270833 0.839583 0.270833 0.843750 0.275000 0.847917 0.275000 0.854167 0.281250 0.862500 0.281250 0.864583 0.283333 0.866667 0.283333 0.870833 0.287500 0.870833 0.289583 0.875000 0.293750 0.875000 0.295833 0.879167 0.300000 0.881250 0.300000 0.885417 0.304167 0.885417 0.306250 0.887500 0.308333 0.887500 0.310417 0.889583 0.312500 0.891667 0.312500 0.893750 0.314583 0.891667 0.312500 0.889583 0.312500 0.887500 0.310417 0.887500 0.308333 0.885417 0.306250 0.885417 0.304167 0.881250 0.300000 0.879167 0.300000 0.875000 0.295833 0.875000 0.293750 0.870833 0.289583 0.870833 0.287500 0.866667 0.283333 0.864583 0.283333 0.862500 0.281250 0.854167 0.281250 0.847917 0.275000 0.845833 0.275000 0.843750 0.272917 0.841667 0.272917 0.839583 0.270833 0.833333 0.270833 0.831250 0.272917 0.829167 0.272917 0.825000 0.277083 0.820833 0.277083 0.818750 0.275000 0.814583 0.275000 0.810417 0.279167 0.804167 0.279167 0.797917 0.272917 0.797917 0.268750 0.791667 0.262500 0.791667 0.258333 0.781250 0.247917 0.781250 0.245833 0.777083 0.241667 0.775000 0.243750 0.772917 0.243750 0.770833 0.241667 0.768750 0.241667 0.766667 0.239583 0.764583 0.239583 0.758333 0.233333 0.756250 0.233333 0.752083 0.229167 0.752083 0.227083 0.750000 0.225000 0.750000 0.218750 0.747917 0.218750 0.745833 0.216667 0.745833 0.214583 0.743750 0.212500 0.743750 0.195833 0.741667 0.193750 0.741667 0.191667 0.739583 0.189583 0.725000 0.189583 0.722917 0.187500
0 0.697917 0.000000 0.695833 0.002083 0.695833 0.004167 0.697917 0.006250 0.697917 0.008333 0.700000 0.010417 0.700000 0.012500 0.702083 0.014583 0.702083 0.016667 0.704167 0.018750 0.704167 0.022917 0.708333 0.027083 0.706250 0.029167 0.706250 0.031250 0.702083 0.035417 0.706250 0.031250 0.706250 0.029167 0.708333 0.027083 0.704167 0.022917 0.704167 0.018750 0.702083 0.016667 0.702083 0.014583 0.700000 0.012500 0.700000 0.010417 0.697917 0.008333 0.697917 0.006250 0.695833 0.004167 0.695833 0.002083
0 0.625000 0.000000 0.635417 0.010417 0.635417 0.022917 0.647917 0.035417 0.645833 0.037500 0.650000 0.041667 0.647917 0.043750 0.647917 0.045833 0.645833 0.047917 0.645833 0.060417 0.650000 0.064583 0.650000 0.068750 0.652083 0.070833 0.652083 0.075000 0.656250 0.079167 0.656250 0.089583 0.652083 0.093750 0.652083 0.102083 0.656250 0.106250 0.656250 0.110417 0.662500 0.116667 0.664583 0.116667 0.668750 0.120833 0.670833 0.120833 0.672917 0.122917 0.675000 0.122917 0.677083 0.125000 0.679167 0.125000 0.685417 0.131250 0.685417 0.133333 0.687500 0.135417 0.687500 0.137500 0.691667 0.141667 0.691667 0.152083 0.689583 0.154167 0.689583 0.156250 0.693750 0.160417 0.693750 0.170833 0.695833 0.172917 0.695833 0.175000 0.693750 0.177083 0.693750 0.179167 0.691667 0.181250 0.691667 0.185417 0.697917 0.191667 0.697917 0.193750 0.700000 0.195833 0.687500 0.208333 0.700000 0.195833 0.697917 0.193750 0.697917 0.191667 0.695833 0.189583 0.695833 0.187500 0.693750 0.187500 0.691667 0.185417 0.691667 0.181250 0.693750 0.179167 0.693750 0.177083 0.695833 0.175000 0.695833 0.172917 0.693750 0.170833 0.693750 0.160417 0.691667 0.158333 0.691667 0.156250 0.689583 0.154167 0.691667 0.152083 0.691667 0.141667 0.687500 0.137500 0.687500 0.135417 0.685417 0.133333 0.685417 0.131250 0.679167 0.125000 0.677083 0.125000 0.675000 0.122917 0.672917 0.122917 0.670833 0.120833 0.668750 0.120833 0.664583 0.116667 0.662500 0.116667 0.656250 0.110417 0.656250 0.106250 0.652083 0.102083 0.652083 0.093750 0.656250 0.089583 0.660417 0.089583 0.664583 0.085417 0.664583 0.075000 0.668750 0.070833 0.668750 0.060417 0.660417 0.052083 0.660417 0.050000 0.656250 0.045833 0.656250 0.043750 0.635417 0.022917 0.635417 0.010417