0 0.027083 0.554167 0.025000 0.556250 0.022917 0.556250 0.022917 0.558333 0.020833 0.560417 0.016667 0.560417 0.014583 0.562500 0.012500 0.562500 0.012500 0.564583 0.010417 0.566667 0.008333 0.566667 0.006250 0.568750 0.006250 0.570833 0.004167 0.572917 0.002083 0.572917 0.000000 0.575000 0.000000 0.581250 0.002083 0.579167 0.006250 0.579167 0.006250 0.577083 0.008333 0.575000 0.010417 0.575000 0.010417 0.572917 0.012500 0.570833 0.014583 0.570833 0.018750 0.566667 0.022917 0.566667 0.022917 0.564583 0.027083 0.560417 0.033333 0.560417 0.033333 0.554167
0 0.920833 0.497917 0.916667 0.502083 0.912500 0.502083 0.912500 0.504167 0.910417 0.506250 0.910417 0.512500 0.914583 0.512500 0.918750 0.508333 0.918750 0.506250 0.920833 0.504167 0.922917 0.504167 0.925000 0.502083 0.937500 0.502083 0.939583 0.504167 0.943750 0.504167 0.943750 0.497917
0 0.858333 0.497917 0.858333 0.504167 0.860417 0.504167 0.862500 0.506250 0.862500 0.508333 0.864583 0.508333 0.866667 0.510417 0.868750 0.510417 0.875000 0.516667 0.875000 0.529167 0.889583 0.529167 0.889583 0.522917 0.881250 0.522917 0.879167 0.520833 0.879167 0.512500 0.875000 0.508333 0.875000 0.504167 0.872917 0.504167 0.870833 0.502083 0.868750 0.502083 0.866667 0.500000 0.864583 0.500000 0.862500 0.497917
0 0.966667 0.479167 0.964583 0.481250 0.964583 0.483333 0.968750 0.487500 0.968750 0.489583 0.972917 0.493750 0.972917 0.495833 0.975000 0.497917 0.977083 0.497917 0.983333 0.504167 0.983333 0.514583 0.985417 0.516667 0.987500 0.516667 0.989583 0.518750 0.989583 0.520833 0.995833 0.527083 0.995833 0.529167 0.997917 0.529167 0.997917 0.516667 0.995833 0.514583 0.995833 0.512500 0.993750 0.510417 0.993750 0.506250 0.989583 0.502083 0.989583 0.500000 0.987500 0.500000 0.983333 0.495833 0.983333 0.493750 0.972917 0.483333 0.970833 0.483333 0.968750 0.481250 0.968750 0.479167
0 0.585417 0.464583 0.585417 0.468750 0.587500 0.468750 0.593750 0.475000 0.593750 0.479167 0.597917 0.479167 0.600000 0.481250 0.600000 0.483333 0.612500 0.483333 0.614583 0.485417 0.614583 0.489583 0.616667 0.491667 0.616667 0.493750 0.618750 0.495833 0.618750 0.497917 0.631250 0.497917 0.633333 0.495833 0.633333 0.493750 0.635417 0.491667 0.639583 0.491667 0.641667 0.489583 0.641667 0.487500 0.643750 0.485417 0.650000 0.485417 0.652083 0.483333 0.654167 0.483333 0.656250 0.485417 0.658333 0.485417 0.660417 0.487500 0.660417 0.491667 0.662500 0.491667 0.664583 0.493750 0.664583 0.495833 0.670833 0.495833 0.670833 0.493750 0.675000 0.489583 0.675000 0.487500 0.679167 0.483333 0.693750 0.483333 0.697917 0.487500 0.697917 0.489583 0.700000 0.489583 0.702083 0.491667 0.702083 0.495833 0.716667 0.495833 0.716667 0.493750 0.718750 0.491667 0.731250 0.491667 0.733333 0.489583 0.735417 0.489583 0.735417 0.487500 0.737500 0.485417 0.741667 0.485417 0.743750 0.483333 0.756250 0.483333 0.756250 0.481250 0.758333 0.479167 0.758333 0.475000 0.756250 0.472917 0.754167 0.472917 0.747917 0.479167 0.741667 0.479167 0.737500 0.483333 0.729167 0.483333 0.727083 0.485417 0.716667 0.485417 0.712500 0.489583 0.708333 0.489583 0.706250 0.487500 0.706250 0.485417 0.704167 0.485417 0.697917 0.479167 0.691667 0.479167 0.689583 0.477083 0.679167 0.477083 0.672917 0.483333 0.670833 0.483333 0.670833 0.487500 0.668750 0.489583 0.666667 0.487500 0.666667 0.485417 0.660417 0.479167 0.647917 0.479167 0.643750 0.483333 0.637500 0.483333 0.635417 0.485417 0.631250 0.485417 0.631250 0.487500 0.627083 0.491667 0.625000 0.491667 0.616667 0.483333 0.616667 0.481250 0.614583 0.479167 0.614583 0.477083 0.606250 0.477083 0.602083 0.472917 0.600000 0.472917 0.597917 0.470833 0.595833 0.470833 0.593750 0.468750 0.593750 0.466667 0.591667 0.464583
0 0.781250 0.452083 0.781250 0.460417 0.783333 0.460417 0.785417 0.462500 0.785417 0.464583 0.789583 0.468750 0.818750 0.468750 0.820833 0.470833 0.822917 0.470833 0.827083 0.475000 0.827083 0.483333 0.831250 0.487500 0.831250 0.489583 0.833333 0.489583 0.835417 0.491667 0.841667 0.491667 0.843750 0.493750 0.843750 0.495833 0.845833 0.497917 0.850000 0.497917 0.850000 0.491667 0.847917 0.489583 0.847917 0.487500 0.845833 0.485417 0.841667 0.485417 0.839583 0.483333 0.837500 0.483333 0.833333 0.479167 0.833333 0.475000 0.827083 0.468750 0.827083 0.466667 0.825000 0.464583 0.797917 0.464583 0.795833 0.462500 0.793750 0.462500 0.785417 0.454167 0.785417 0.452083
0 0.539583 0.425000 0.539583 0.431250 0.541667 0.433333 0.543750 0.433333 0.545833 0.435417 0.547917 0.435417 0.550000 0.437500 0.560417 0.437500 0.562500 0.439583 0.564583 0.439583 0.566667 0.441667 0.566667 0.443750 0.568750 0.445833 0.570833 0.445833 0.575000 0.450000 0.575000 0.452083 0.579167 0.452083 0.579167 0.445833 0.575000 0.441667 0.575000 0.439583 0.572917 0.437500 0.568750 0.437500 0.564583 0.433333 0.552083 0.433333 0.547917 0.429167 0.547917 0.427083 0.545833 0.425000
0 0.093750 0.420833 0.093750 0.422917 0.091667 0.425000 0.089583 0.425000 0.087500 0.427083 0.087500 0.429167 0.085417 0.431250 0.085417 0.433333 0.081250 0.437500 0.079167 0.437500 0.077083 0.439583 0.072917 0.439583 0.068750 0.443750 0.066667 0.443750 0.064583 0.445833 0.064583 0.447917 0.062500 0.450000 0.062500 0.454167 0.058333 0.458333 0.058333 0.460417 0.056250 0.462500 0.056250 0.464583 0.054167 0.466667 0.054167 0.468750 0.050000 0.472917 0.050000 0.475000 0.045833 0.479167 0.045833 0.481250 0.043750 0.483333 0.039583 0.483333 0.039583 0.485417 0.047917 0.485417 0.050000 0.483333 0.052083 0.483333 0.052083 0.481250 0.054167 0.479167 0.054167 0.475000 0.060417 0.468750 0.060417 0.466667 0.062500 0.464583 0.062500 0.458333 0.064583 0.456250 0.064583 0.454167 0.066667 0.452083 0.075000 0.452083 0.075000 0.450000 0.079167 0.445833 0.081250 0.445833 0.083333 0.443750 0.083333 0.441667 0.085417 0.439583 0.087500 0.439583 0.091667 0.435417 0.093750 0.435417 0.093750 0.429167 0.097917 0.425000 0.097917 0.420833
0 0.139583 0.406250 0.141667 0.408333 0.141667 0.410417 0.143750 0.412500 0.143750 0.416667 0.139583 0.420833 0.137500 0.418750 0.137500 0.416667 0.135417 0.414583 0.133333 0.414583 0.131250 0.412500 0.129167 0.414583 0.127083 0.414583 0.127083 0.416667 0.125000 0.418750 0.125000 0.420833 0.122917 0.422917 0.116667 0.422917 0.114583 0.425000 0.114583 0.427083 0.116667 0.425000 0.122917 0.425000 0.125000 0.422917 0.127083 0.422917 0.131250 0.418750 0.133333 0.420833 0.135417 0.420833 0.137500 0.422917 0.141667 0.422917 0.145833 0.418750 0.145833 0.408333 0.143750 0.406250
0 0.185417 0.379167 0.183333 0.381250 0.183333 0.383333 0.181250 0.385417 0.179167 0.385417 0.177083 0.387500 0.177083 0.389583 0.175000 0.391667 0.172917 0.391667 0.172917 0.397917 0.170833 0.400000 0.170833 0.404167 0.168750 0.406250 0.162500 0.406250 0.162500 0.408333 0.160417 0.410417 0.160417 0.416667 0.166667 0.410417 0.166667 0.408333 0.168750 0.406250 0.170833 0.406250 0.170833 0.404167 0.175000 0.400000 0.175000 0.395833 0.179167 0.391667 0.181250 0.391667 0.181250 0.387500 0.183333 0.385417 0.185417 0.385417 0.185417 0.383333 0.187500 0.381250 0.187500 0.379167
0 0.218750 0.360417 0.218750 0.364583 0.216667 0.366667 0.214583 0.366667 0.214583 0.368750 0.212500 0.370833 0.212500 0.372917 0.208333 0.377083 0.206250 0.377083 0.202083 0.372917 0.193750 0.372917 0.200000 0.372917 0.204167 0.377083 0.210417 0.377083 0.214583 0.372917 0.216667 0.372917 0.216667 0.370833 0.220833 0.366667 0.222917 0.368750 0.233333 0.368750 0.235417 0.370833 0.235417 0.372917 0.241667 0.372917 0.241667 0.370833 0.243750 0.368750 0.245833 0.368750 0.247917 0.370833 0.247917 0.372917 0.260417 0.372917 0.260417 0.370833 0.262500 0.368750 0.264583 0.368750 0.266667 0.366667 0.268750 0.366667 0.268750 0.364583 0.270833 0.362500 0.291667 0.362500 0.291667 0.360417 0.266667 0.360417 0.264583 0.362500 0.264583 0.364583 0.262500 0.366667 0.260417 0.366667 0.258333 0.368750 0.250000 0.368750 0.247917 0.366667 0.241667 0.366667 0.237500 0.362500 0.222917 0.362500 0.220833 0.360417
0 0.389583 0.322917 0.381250 0.331250 0.375000 0.331250 0.370833 0.335417 0.368750 0.335417 0.366667 0.333333 0.362500 0.333333 0.362500 0.337500 0.364583 0.337500 0.366667 0.339583 0.366667 0.341667 0.375000 0.341667 0.375000 0.339583 0.377083 0.337500 0.379167 0.337500 0.381250 0.335417 0.383333 0.335417 0.385417 0.333333 0.389583 0.333333 0.393750 0.329167 0.404167 0.329167 0.406250 0.331250 0.422917 0.331250 0.425000 0.333333 0.427083 0.333333 0.429167 0.335417 0.429167 0.337500 0.431250 0.337500 0.433333 0.339583 0.433333 0.341667 0.443750 0.352083 0.443750 0.354167 0.445833 0.356250 0.447917 0.356250 0.450000 0.358333 0.450000 0.360417 0.458333 0.360417 0.460417 0.362500 0.483333 0.362500 0.485417 0.364583 0.485417 0.366667 0.491667 0.366667 0.493750 0.368750 0.497917 0.368750 0.500000 0.370833 0.500000 0.372917 0.506250 0.372917 0.508333 0.375000 0.512500 0.375000 0.514583 0.377083 0.514583 0.379167 0.516667 0.379167 0.520833 0.383333 0.520833 0.385417 0.522917 0.385417 0.525000 0.387500 0.525000 0.389583 0.527083 0.389583 0.529167 0.391667 0.533333 0.391667 0.533333 0.387500 0.531250 0.385417 0.531250 0.383333 0.529167 0.381250 0.527083 0.381250 0.525000 0.379167 0.525000 0.377083 0.522917 0.375000 0.520833 0.375000 0.514583 0.368750 0.512500 0.368750 0.510417 0.366667 0.506250 0.366667 0.502083 0.362500 0.500000 0.362500 0.497917 0.360417 0.466667 0.360417 0.462500 0.356250 0.460417 0.356250 0.458333 0.354167 0.454167 0.354167 0.452083 0.352083 0.452083 0.350000 0.450000 0.347917 0.447917 0.347917 0.439583 0.339583 0.439583 0.337500 0.437500 0.335417 0.437500 0.331250 0.431250 0.325000 0.408333 0.325000 0.406250 0.322917
0 0.297917 0.316667 0.297917 0.322917 0.302083 0.322917 0.306250 0.327083 0.306250 0.329167 0.310417 0.333333 0.312500 0.333333 0.316667 0.329167 0.325000 0.337500 0.335417 0.337500 0.337500 0.335417 0.341667 0.335417 0.343750 0.333333 0.347917 0.333333 0.350000 0.335417 0.354167 0.335417 0.354167 0.331250 0.352083 0.329167 0.339583 0.329167 0.337500 0.331250 0.331250 0.331250 0.329167 0.333333 0.322917 0.327083 0.322917 0.322917 0.320833 0.322917 0.318750 0.320833 0.316667 0.320833 0.314583 0.322917 0.312500 0.322917 0.310417 0.320833 0.310417 0.318750 0.308333 0.316667