0 0.206250 0.827083 0.204167 0.829167 0.202083 0.829167 0.200000 0.831250 0.197917 0.831250 0.195833 0.833333 0.191667 0.833333 0.189583 0.831250 0.183333 0.831250 0.181250 0.833333 0.179167 0.833333 0.172917 0.839583 0.170833 0.837500 0.164583 0.837500 0.162500 0.839583 0.160417 0.837500 0.145833 0.837500 0.143750 0.839583 0.143750 0.845833 0.152083 0.845833 0.154167 0.843750 0.170833 0.843750 0.175000 0.839583 0.177083 0.839583 0.181250 0.843750 0.187500 0.843750 0.189583 0.841667 0.191667 0.841667 0.193750 0.843750 0.200000 0.843750 0.200000 0.841667 0.202083 0.839583 0.202083 0.835417 0.206250 0.831250 0.208333 0.831250 0.210417 0.829167 0.210417 0.827083
0 0.000000 0.797917 0.000000 0.810417 0.002083 0.810417 0.004167 0.812500 0.008333 0.812500 0.010417 0.814583 0.012500 0.814583 0.014583 0.816667 0.016667 0.816667 0.018750 0.818750 0.020833 0.818750 0.022917 0.820833 0.027083 0.820833 0.037500 0.831250 0.039583 0.831250 0.041667 0.833333 0.060417 0.833333 0.062500 0.835417 0.070833 0.835417 0.072917 0.837500 0.072917 0.841667 0.081250 0.850000 0.085417 0.850000 0.089583 0.845833 0.097917 0.845833 0.100000 0.847917 0.102083 0.847917 0.106250 0.843750 0.104167 0.843750 0.102083 0.841667 0.100000 0.841667 0.097917 0.839583 0.089583 0.839583 0.089583 0.841667 0.087500 0.843750 0.085417 0.843750 0.083333 0.845833 0.079167 0.845833 0.077083 0.843750 0.077083 0.841667 0.083333 0.835417 0.079167 0.835417 0.072917 0.829167 0.068750 0.829167 0.066667 0.827083 0.064583 0.827083 0.062500 0.825000 0.054167 0.825000 0.052083 0.827083 0.047917 0.827083 0.045833 0.825000 0.039583 0.825000 0.037500 0.822917 0.035417 0.822917 0.027083 0.814583 0.025000 0.814583 0.022917 0.812500 0.020833 0.812500 0.018750 0.810417 0.016667 0.810417 0.014583 0.808333 0.014583 0.806250 0.012500 0.804167 0.008333 0.804167 0.006250 0.802083 0.004167 0.802083
0 0.014583 0.391667 0.012500 0.393750 0.012500 0.395833 0.008333 0.400000 0.008333 0.402083 0.004167 0.406250 0.004167 0.410417 0.002083 0.412500 0.002083 0.416667 0.000000 0.418750 0.000000 0.422917 0.000000 0.420833 0.002083 0.418750 0.002083 0.414583 0.004167 0.412500 0.004167 0.408333 0.006250 0.406250 0.006250 0.404167 0.010417 0.400000 0.010417 0.397917 0.014583 0.393750
0 0.852083 0.318750 0.856250 0.318750 0.860417 0.322917 0.862500 0.322917 0.866667 0.327083 0.868750 0.327083 0.870833 0.329167 0.872917 0.329167 0.877083 0.333333 0.879167 0.333333 0.877083 0.331250 0.875000 0.331250 0.870833 0.327083 0.868750 0.327083 0.866667 0.325000 0.864583 0.325000 0.860417 0.320833 0.858333 0.320833 0.856250 0.318750
0 0.045833 0.306250 0.045833 0.312500 0.043750 0.314583 0.037500 0.314583 0.033333 0.318750 0.031250 0.318750 0.031250 0.322917 0.029167 0.325000 0.029167 0.331250 0.031250 0.333333 0.031250 0.337500 0.033333 0.339583 0.033333 0.341667 0.031250 0.343750 0.031250 0.345833 0.033333 0.343750 0.033333 0.341667 0.039583 0.335417 0.039583 0.333333 0.041667 0.331250 0.041667 0.329167 0.039583 0.331250 0.039583 0.333333 0.035417 0.337500 0.033333 0.337500 0.031250 0.335417 0.031250 0.331250 0.029167 0.329167 0.029167 0.327083 0.031250 0.325000 0.031250 0.320833 0.033333 0.318750 0.035417 0.318750 0.039583 0.314583 0.045833 0.314583 0.045833 0.308333 0.047917 0.306250
0 0.810417 0.285417 0.812500 0.287500 0.812500 0.293750 0.814583 0.293750 0.816667 0.295833 0.816667 0.297917 0.818750 0.300000 0.820833 0.300000 0.827083 0.306250 0.827083 0.308333 0.829167 0.310417 0.831250 0.310417 0.833333 0.312500 0.835417 0.312500 0.837500 0.314583 0.839583 0.314583 0.843750 0.318750 0.843750 0.325000 0.847917 0.329167 0.847917 0.331250 0.850000 0.331250 0.862500 0.343750 0.864583 0.343750 0.875000 0.354167 0.875000 0.356250 0.879167 0.360417 0.881250 0.360417 0.887500 0.366667 0.887500 0.368750 0.889583 0.370833 0.889583 0.377083 0.891667 0.379167 0.891667 0.381250 0.893750 0.381250 0.895833 0.383333 0.902083 0.383333 0.906250 0.387500 0.910417 0.387500 0.912500 0.389583 0.912500 0.391667 0.916667 0.391667 0.920833 0.395833 0.920833 0.400000 0.922917 0.402083 0.937500 0.402083 0.939583 0.400000 0.941667 0.400000 0.943750 0.397917 0.962500 0.397917 0.964583 0.400000 0.966667 0.400000 0.970833 0.404167 0.975000 0.404167 0.977083 0.406250 0.985417 0.406250 0.987500 0.408333 0.991667 0.408333 0.989583 0.408333 0.987500 0.406250 0.983333 0.406250 0.981250 0.404167 0.977083 0.404167 0.975000 0.402083 0.970833 0.402083 0.966667 0.397917 0.964583 0.397917 0.962500 0.395833 0.954167 0.395833 0.952083 0.393750 0.945833 0.393750 0.945833 0.395833 0.943750 0.397917 0.933333 0.397917 0.931250 0.400000 0.929167 0.400000 0.927083 0.397917 0.922917 0.397917 0.920833 0.395833 0.920833 0.391667 0.916667 0.391667 0.910417 0.385417 0.908333 0.385417 0.906250 0.383333 0.906250 0.381250 0.895833 0.381250 0.889583 0.375000 0.889583 0.368750 0.885417 0.364583 0.885417 0.362500 0.883333 0.360417 0.881250 0.360417 0.875000 0.354167 0.875000 0.352083 0.868750 0.345833 0.866667 0.345833 0.858333 0.337500 0.858333 0.335417 0.852083 0.329167 0.850000 0.329167 0.843750 0.322917 0.843750 0.316667 0.850000 0.310417 0.868750 0.310417 0.875000 0.304167 0.875000 0.300000 0.875000 0.302083 0.866667 0.310417 0.852083 0.310417 0.850000 0.308333 0.845833 0.308333 0.843750 0.310417 0.837500 0.310417 0.835417 0.308333 0.833333 0.308333 0.827083 0.302083 0.827083 0.300000 0.825000 0.300000 0.816667 0.291667 0.816667 0.289583 0.812500 0.285417
0 0.093750 0.254167 0.091667 0.256250 0.089583 0.256250 0.087500 0.258333 0.083333 0.258333 0.081250 0.260417 0.081250 0.270833 0.075000 0.277083 0.072917 0.277083 0.072917 0.279167 0.070833 0.281250 0.068750 0.281250 0.064583 0.285417 0.062500 0.285417 0.062500 0.287500 0.060417 0.289583 0.060417 0.291667 0.058333 0.293750 0.058333 0.295833 0.052083 0.302083 0.054167 0.300000 0.056250 0.300000 0.058333 0.297917 0.058333 0.295833 0.060417 0.293750 0.060417 0.291667 0.062500 0.289583 0.062500 0.287500 0.064583 0.285417 0.068750 0.285417 0.068750 0.283333 0.070833 0.281250 0.072917 0.281250 0.081250 0.272917 0.081250 0.262500 0.085417 0.258333 0.089583 0.258333 0.091667 0.256250 0.093750 0.256250 0.095833 0.254167 0.097917 0.254167
0 0.116667 0.218750 0.116667 0.222917 0.112500 0.227083 0.112500 0.229167 0.108333 0.233333 0.108333 0.237500 0.102083 0.243750 0.102083 0.245833 0.100000 0.247917 0.097917 0.247917 0.095833 0.250000 0.097917 0.250000 0.100000 0.247917 0.102083 0.247917 0.102083 0.245833 0.108333 0.239583 0.108333 0.235417 0.110417 0.233333 0.110417 0.231250 0.116667 0.225000
0 0.597917 0.177083 0.597917 0.179167 0.600000 0.181250 0.600000 0.183333 0.602083 0.185417 0.602083 0.187500 0.606250 0.191667 0.608333 0.191667 0.610417 0.193750 0.612500 0.193750 0.618750 0.200000 0.618750 0.202083 0.622917 0.202083 0.625000 0.204167 0.625000 0.206250 0.629167 0.206250 0.631250 0.204167 0.633333 0.206250 0.639583 0.206250 0.641667 0.204167 0.645833 0.204167 0.647917 0.206250 0.650000 0.206250 0.652083 0.208333 0.654167 0.208333 0.668750 0.222917 0.672917 0.222917 0.675000 0.225000 0.677083 0.225000 0.679167 0.227083 0.681250 0.227083 0.695833 0.241667 0.695833 0.247917 0.697917 0.250000 0.697917 0.252083 0.706250 0.252083 0.708333 0.254167 0.710417 0.254167 0.710417 0.252083 0.712500 0.250000 0.716667 0.250000 0.718750 0.247917 0.720833 0.247917 0.722917 0.250000 0.727083 0.250000 0.729167 0.252083 0.731250 0.252083 0.733333 0.254167 0.745833 0.254167 0.750000 0.258333 0.752083 0.258333 0.754167 0.260417 0.756250 0.260417 0.758333 0.262500 0.760417 0.262500 0.762500 0.264583 0.766667 0.264583 0.768750 0.262500 0.777083 0.262500 0.779167 0.264583 0.781250 0.264583 0.783333 0.266667 0.785417 0.266667 0.787500 0.268750 0.793750 0.268750 0.806250 0.281250 0.808333 0.281250 0.808333 0.279167 0.810417 0.277083 0.812500 0.277083 0.812500 0.272917 0.810417 0.270833 0.802083 0.270833 0.800000 0.268750 0.797917 0.268750 0.795833 0.266667 0.791667 0.266667 0.789583 0.264583 0.787500 0.264583 0.785417 0.262500 0.783333 0.262500 0.781250 0.260417 0.781250 0.258333 0.775000 0.258333 0.772917 0.260417 0.762500 0.260417 0.760417 0.258333 0.758333 0.258333 0.756250 0.256250 0.752083 0.256250 0.750000 0.254167 0.752083 0.252083 0.752083 0.250000 0.747917 0.250000 0.745833 0.252083 0.735417 0.252083 0.731250 0.247917 0.725000 0.247917 0.722917 0.245833 0.708333 0.245833 0.706250 0.247917 0.704167 0.247917 0.697917 0.241667 0.697917 0.239583 0.700000 0.237500 0.702083 0.237500 0.702083 0.235417 0.695833 0.235417 0.691667 0.231250 0.689583 0.231250 0.687500 0.229167 0.687500 0.227083 0.685417 0.227083 0.683333 0.225000 0.681250 0.225000 0.679167 0.222917 0.675000 0.222917 0.668750 0.216667 0.666667 0.216667 0.664583 0.214583 0.664583 0.212500 0.662500 0.212500 0.660417 0.210417 0.660417 0.208333 0.658333 0.208333 0.654167 0.204167 0.652083 0.204167 0.650000 0.202083 0.639583 0.202083 0.637500 0.204167 0.635417 0.202083 0.633333 0.202083 0.631250 0.200000 0.627083 0.200000 0.622917 0.195833 0.622917 0.193750 0.620833 0.191667 0.612500 0.191667 0.604167 0.183333 0.604167 0.181250 0.602083 0.179167 0.602083 0.177083
0 0.145833 0.154167 0.141667 0.158333 0.139583 0.158333 0.137500 0.160417 0.135417 0.160417 0.133333 0.162500 0.131250 0.162500 0.131250 0.164583 0.133333 0.166667 0.139583 0.166667 0.139583 0.160417 0.141667 0.158333 0.143750 0.158333 0.145833 0.156250 0.154167 0.156250 0.156250 0.154167
0 0.541667 0.147917 0.552083 0.147917 0.554167 0.150000 0.556250 0.150000 0.560417 0.154167 0.564583 0.154167 0.568750 0.150000 0.579167 0.160417 0.579167 0.162500 0.581250 0.162500 0.587500 0.168750 0.589583 0.168750 0.591667 0.170833 0.591667 0.172917 0.593750 0.175000 0.593750 0.177083 0.593750 0.168750 0.587500 0.162500 0.585417 0.162500 0.579167 0.156250 0.579167 0.154167 0.577083 0.152083 0.577083 0.150000 0.575000 0.150000 0.572917 0.147917