0 0.470833 0.822917 0.468750 0.825000 0.468750 0.831250 0.470833 0.833333 0.468750 0.835417 0.468750 0.843750 0.466667 0.845833 0.462500 0.845833 0.462500 0.847917 0.460417 0.850000 0.472917 0.850000 0.472917 0.839583 0.475000 0.837500 0.475000 0.835417 0.472917 0.833333 0.472917 0.822917
0 0.383333 0.710417 0.381250 0.712500 0.383333 0.712500 0.389583 0.718750 0.389583 0.720833 0.391667 0.722917 0.391667 0.725000 0.393750 0.727083 0.393750 0.729167 0.402083 0.729167 0.406250 0.733333 0.406250 0.737500 0.408333 0.739583 0.410417 0.739583 0.414583 0.743750 0.416667 0.743750 0.418750 0.745833 0.420833 0.745833 0.427083 0.752083 0.441667 0.752083 0.443750 0.750000 0.445833 0.750000 0.445833 0.745833 0.431250 0.745833 0.429167 0.743750 0.422917 0.743750 0.420833 0.741667 0.420833 0.739583 0.418750 0.737500 0.414583 0.737500 0.412500 0.735417 0.412500 0.733333 0.406250 0.727083 0.406250 0.725000 0.404167 0.722917 0.402083 0.722917 0.400000 0.720833 0.397917 0.720833 0.393750 0.716667 0.393750 0.714583 0.391667 0.712500 0.389583 0.712500 0.387500 0.710417
0 0.306250 0.689583 0.306250 0.691667 0.310417 0.695833 0.314583 0.695833 0.316667 0.697917 0.327083 0.697917 0.331250 0.702083 0.333333 0.702083 0.337500 0.706250 0.339583 0.706250 0.345833 0.712500 0.366667 0.712500 0.368750 0.714583 0.372917 0.714583 0.375000 0.712500 0.375000 0.710417 0.372917 0.708333 0.372917 0.706250 0.354167 0.706250 0.352083 0.704167 0.350000 0.704167 0.347917 0.702083 0.345833 0.702083 0.341667 0.697917 0.337500 0.697917 0.335417 0.695833 0.333333 0.695833 0.331250 0.693750 0.327083 0.693750 0.325000 0.691667 0.310417 0.691667 0.308333 0.689583
0 0.083333 0.687500 0.081250 0.689583 0.077083 0.689583 0.075000 0.691667 0.072917 0.691667 0.072917 0.693750 0.070833 0.695833 0.068750 0.695833 0.066667 0.697917 0.060417 0.697917 0.047917 0.710417 0.045833 0.710417 0.043750 0.708333 0.035417 0.708333 0.029167 0.702083 0.014583 0.702083 0.012500 0.704167 0.006250 0.704167 0.004167 0.706250 0.000000 0.706250 0.000000 0.710417 0.002083 0.712500 0.006250 0.712500 0.008333 0.710417 0.012500 0.710417 0.014583 0.712500 0.018750 0.712500 0.020833 0.710417 0.025000 0.710417 0.027083 0.712500 0.029167 0.710417 0.031250 0.712500 0.039583 0.712500 0.041667 0.714583 0.052083 0.714583 0.054167 0.712500 0.056250 0.712500 0.060417 0.708333 0.062500 0.708333 0.062500 0.704167 0.064583 0.702083 0.066667 0.702083 0.068750 0.700000 0.072917 0.700000 0.075000 0.697917 0.097917 0.697917 0.097917 0.695833 0.100000 0.693750 0.102083 0.693750 0.104167 0.695833 0.106250 0.695833 0.108333 0.693750 0.108333 0.691667 0.106250 0.691667 0.104167 0.689583 0.104167 0.687500
0 0.185417 0.641667 0.181250 0.645833 0.179167 0.645833 0.175000 0.650000 0.172917 0.650000 0.170833 0.652083 0.166667 0.652083 0.164583 0.654167 0.156250 0.654167 0.154167 0.656250 0.145833 0.656250 0.143750 0.654167 0.139583 0.654167 0.137500 0.656250 0.135417 0.656250 0.133333 0.658333 0.129167 0.658333 0.125000 0.662500 0.122917 0.662500 0.122917 0.664583 0.120833 0.666667 0.118750 0.666667 0.116667 0.668750 0.116667 0.672917 0.114583 0.675000 0.116667 0.677083 0.118750 0.677083 0.122917 0.672917 0.125000 0.672917 0.127083 0.670833 0.129167 0.670833 0.133333 0.666667 0.141667 0.666667 0.141667 0.664583 0.143750 0.662500 0.145833 0.664583 0.150000 0.664583 0.152083 0.666667 0.154167 0.666667 0.158333 0.662500 0.166667 0.662500 0.170833 0.658333 0.170833 0.656250 0.172917 0.654167 0.175000 0.654167 0.177083 0.652083 0.181250 0.652083 0.183333 0.650000 0.189583 0.650000 0.187500 0.647917 0.187500 0.641667
0 0.295833 0.622917 0.295833 0.625000 0.300000 0.629167 0.302083 0.629167 0.306250 0.633333 0.316667 0.633333 0.320833 0.637500 0.325000 0.637500 0.327083 0.639583 0.329167 0.637500 0.327083 0.637500 0.325000 0.635417 0.322917 0.635417 0.318750 0.631250 0.312500 0.631250 0.308333 0.627083 0.306250 0.627083 0.304167 0.625000 0.300000 0.625000 0.297917 0.622917
0 0.233333 0.618750 0.231250 0.620833 0.229167 0.620833 0.225000 0.625000 0.218750 0.625000 0.216667 0.627083 0.212500 0.627083 0.210417 0.629167 0.208333 0.629167 0.206250 0.631250 0.202083 0.631250 0.197917 0.635417 0.195833 0.635417 0.193750 0.637500 0.195833 0.639583 0.197917 0.639583 0.200000 0.637500 0.212500 0.637500 0.214583 0.635417 0.216667 0.635417 0.220833 0.631250 0.222917 0.631250 0.225000 0.629167 0.227083 0.629167 0.231250 0.625000 0.233333 0.625000 0.233333 0.622917 0.235417 0.620833 0.237500 0.620833 0.235417 0.618750
0 0.235417 0.602083 0.235417 0.606250 0.247917 0.606250 0.252083 0.610417 0.254167 0.610417 0.256250 0.612500 0.258333 0.612500 0.260417 0.614583 0.260417 0.612500 0.262500 0.610417 0.266667 0.610417 0.266667 0.608333 0.264583 0.608333 0.262500 0.606250 0.256250 0.606250 0.254167 0.604167 0.245833 0.604167 0.243750 0.602083
0 0.889583 0.435417 0.887500 0.437500 0.885417 0.437500 0.883333 0.439583 0.881250 0.439583 0.879167 0.437500 0.870833 0.437500 0.868750 0.439583 0.868750 0.441667 0.864583 0.445833 0.858333 0.445833 0.854167 0.450000 0.852083 0.450000 0.850000 0.452083 0.843750 0.452083 0.843750 0.454167 0.841667 0.456250 0.837500 0.456250 0.837500 0.458333 0.835417 0.460417 0.831250 0.460417 0.827083 0.464583 0.827083 0.466667 0.825000 0.468750 0.822917 0.468750 0.818750 0.472917 0.818750 0.477083 0.812500 0.483333 0.812500 0.485417 0.810417 0.487500 0.810417 0.489583 0.808333 0.491667 0.808333 0.493750 0.806250 0.495833 0.804167 0.495833 0.800000 0.500000 0.797917 0.500000 0.791667 0.506250 0.787500 0.506250 0.787500 0.508333 0.783333 0.512500 0.781250 0.512500 0.779167 0.514583 0.772917 0.514583 0.768750 0.518750 0.766667 0.518750 0.764583 0.520833 0.762500 0.520833 0.760417 0.522917 0.756250 0.522917 0.754167 0.525000 0.752083 0.525000 0.747917 0.529167 0.737500 0.529167 0.735417 0.531250 0.729167 0.531250 0.725000 0.535417 0.710417 0.535417 0.706250 0.539583 0.704167 0.539583 0.702083 0.541667 0.704167 0.543750 0.697917 0.550000 0.697917 0.552083 0.693750 0.556250 0.691667 0.556250 0.691667 0.558333 0.689583 0.560417 0.687500 0.560417 0.683333 0.564583 0.679167 0.564583 0.677083 0.566667 0.670833 0.566667 0.668750 0.568750 0.666667 0.568750 0.664583 0.570833 0.662500 0.570833 0.656250 0.577083 0.656250 0.579167 0.654167 0.581250 0.654167 0.587500 0.652083 0.589583 0.647917 0.589583 0.645833 0.591667 0.641667 0.591667 0.641667 0.595833 0.639583 0.597917 0.639583 0.604167 0.637500 0.606250 0.631250 0.606250 0.631250 0.608333 0.629167 0.610417 0.627083 0.610417 0.620833 0.616667 0.618750 0.614583 0.612500 0.614583 0.610417 0.616667 0.606250 0.616667 0.602083 0.620833 0.595833 0.620833 0.589583 0.627083 0.587500 0.627083 0.585417 0.629167 0.583333 0.629167 0.581250 0.631250 0.579167 0.631250 0.577083 0.633333 0.570833 0.633333 0.568750 0.635417 0.562500 0.635417 0.560417 0.637500 0.560417 0.639583 0.558333 0.641667 0.556250 0.639583 0.556250 0.637500 0.554167 0.639583 0.552083 0.639583 0.550000 0.641667 0.547917 0.641667 0.545833 0.643750 0.545833 0.650000 0.543750 0.652083 0.539583 0.652083 0.535417 0.656250 0.533333 0.656250 0.531250 0.658333 0.531250 0.660417 0.529167 0.662500 0.527083 0.662500 0.527083 0.664583 0.529167 0.666667 0.527083 0.668750 0.525000 0.668750 0.522917 0.670833 0.520833 0.670833 0.518750 0.672917 0.516667 0.672917 0.516667 0.677083 0.514583 0.679167 0.514583 0.681250 0.512500 0.683333 0.508333 0.683333 0.508333 0.685417 0.506250 0.687500 0.506250 0.689583 0.497917 0.697917 0.495833 0.697917 0.493750 0.700000 0.491667 0.700000 0.487500 0.704167 0.485417 0.704167 0.483333 0.706250 0.483333 0.708333 0.479167 0.712500 0.475000 0.712500 0.475000 0.714583 0.470833 0.718750 0.468750 0.718750 0.468750 0.722917 0.466667 0.725000 0.464583 0.725000 0.460417 0.729167 0.460417 0.731250 0.458333 0.733333 0.458333 0.735417 0.454167 0.739583 0.454167 0.741667 0.452083 0.743750 0.450000 0.743750 0.450000 0.747917 0.452083 0.750000 0.452083 0.775000 0.450000 0.777083 0.452083 0.779167 0.450000 0.781250 0.450000 0.785417 0.445833 0.789583 0.445833 0.795833 0.443750 0.797917 0.443750 0.802083 0.445833 0.804167 0.445833 0.816667 0.447917 0.816667 0.450000 0.814583 0.450000 0.812500 0.452083 0.810417 0.452083 0.806250 0.454167 0.804167 0.452083 0.802083 0.452083 0.791667 0.458333 0.785417 0.458333 0.783333 0.462500 0.779167 0.462500 0.777083 0.464583 0.775000 0.464583 0.760417 0.466667 0.758333 0.466667 0.754167 0.468750 0.752083 0.468750 0.745833 0.470833 0.743750 0.470833 0.741667 0.472917 0.739583 0.472917 0.737500 0.477083 0.733333 0.479167 0.733333 0.479167 0.731250 0.481250 0.729167 0.489583 0.729167 0.493750 0.725000 0.493750 0.722917 0.495833 0.720833 0.497917 0.720833 0.500000 0.718750 0.500000 0.716667 0.504167 0.712500 0.510417 0.712500 0.512500 0.710417 0.512500 0.708333 0.514583 0.706250 0.514583 0.704167 0.516667 0.702083 0.516667 0.700000 0.518750 0.697917 0.520833 0.697917 0.522917 0.695833 0.527083 0.695833 0.533333 0.689583 0.535417 0.689583 0.535417 0.685417 0.537500 0.683333 0.541667 0.683333 0.543750 0.685417 0.545833 0.685417 0.545833 0.683333 0.541667 0.683333 0.539583 0.681250 0.539583 0.679167 0.541667 0.677083 0.541667 0.672917 0.547917 0.666667 0.550000 0.666667 0.550000 0.664583 0.554167 0.660417 0.554167 0.658333 0.556250 0.656250 0.560417 0.656250 0.564583 0.652083 0.566667 0.652083 0.568750 0.650000 0.570833 0.650000 0.572917 0.647917 0.583333 0.647917 0.585417 0.645833 0.589583 0.645833 0.591667 0.643750 0.593750 0.643750 0.593750 0.641667 0.597917 0.637500 0.602083 0.637500 0.602083 0.635417 0.604167 0.633333 0.614583 0.633333 0.618750 0.629167 0.620833 0.629167 0.622917 0.627083 0.625000 0.627083 0.627083 0.625000 0.629167 0.625000 0.631250 0.622917 0.633333 0.622917 0.635417 0.620833 0.641667 0.620833 0.647917 0.614583 0.647917 0.612500 0.650000 0.610417 0.654167 0.610417 0.654167 0.608333 0.658333 0.604167 0.658333 0.602083 0.660417 0.600000 0.662500 0.602083 0.662500 0.600000 0.668750 0.593750 0.668750 0.591667 0.670833 0.589583 0.670833 0.587500 0.672917 0.585417 0.675000 0.585417 0.679167 0.581250 0.683333 0.581250 0.685417 0.579167 0.687500 0.579167 0.689583 0.577083 0.691667 0.577083 0.693750 0.575000 0.695833 0.575000 0.695833 0.566667 0.700000 0.562500 0.702083 0.562500 0.704167 0.560417 0.708333 0.560417 0.710417 0.558333 0.710417 0.556250 0.714583 0.552083 0.714583 0.550000 0.718750 0.545833 0.720833 0.545833 0.725000 0.541667 0.739583 0.541667 0.741667 0.543750 0.747917 0.543750 0.752083 0.539583 0.756250 0.539583 0.760417 0.535417 0.764583 0.535417 0.764583 0.533333 0.768750 0.529167 0.781250 0.529167 0.785417 0.525000 0.787500 0.525000 0.789583 0.522917 0.791667 0.522917 0.791667 0.518750 0.793750 0.516667 0.804167 0.516667 0.806250 0.514583 0.808333 0.514583 0.822917 0.500000 0.822917 0.497917 0.825000 0.495833 0.825000 0.493750 0.827083 0.491667 0.827083 0.487500 0.841667 0.472917 0.841667 0.470833 0.843750 0.468750 0.852083 0.468750 0.856250 0.464583 0.858333 0.464583 0.862500 0.460417 0.868750 0.460417 0.870833 0.458333 0.870833 0.456250 0.872917 0.454167 0.877083 0.454167 0.879167 0.452083 0.881250 0.452083 0.883333 0.450000 0.887500 0.450000 0.889583 0.452083 0.900000 0.452083 0.902083 0.450000 0.908333 0.450000 0.910417 0.447917 0.912500 0.447917 0.910417 0.447917 0.906250 0.443750 0.906250 0.441667 0.908333 0.439583 0.908333 0.437500 0.910417 0.435417
0 0.989583 0.400000 0.987500 0.402083 0.983333 0.402083 0.981250 0.404167 0.977083 0.404167 0.975000 0.406250 0.968750 0.406250 0.964583 0.410417 0.952083 0.410417 0.952083 0.414583 0.950000 0.416667 0.950000 0.420833 0.952083 0.422917 0.952083 0.429167 0.956250 0.429167 0.956250 0.427083 0.960417 0.422917 0.968750 0.422917 0.970833 0.420833 0.972917 0.420833 0.975000 0.418750 0.977083 0.418750 0.981250 0.414583 0.983333 0.414583 0.985417 0.412500 0.993750 0.412500 0.993750 0.410417 0.995833 0.408333 0.997917 0.408333 0.997917 0.400000
0 0.931250 0.147917 0.931250 0.150000 0.929167 0.152083 0.929167 0.160417 0.931250 0.162500 0.931250 0.164583 0.933333 0.166667 0.933333 0.168750 0.937500 0.172917 0.937500 0.177083 0.941667 0.181250 0.941667 0.183333 0.945833 0.187500 0.945833 0.189583 0.947917 0.191667 0.947917 0.193750 0.950000 0.195833 0.950000 0.197917 0.952083 0.200000 0.952083 0.204167 0.950000 0.206250 0.952083 0.208333 0.952083 0.212500 0.947917 0.216667 0.947917 0.220833 0.952083 0.225000 0.952083 0.233333 0.954167 0.235417 0.954167 0.239583 0.956250 0.241667 0.956250 0.243750 0.960417 0.247917 0.960417 0.252083 0.958333 0.254167 0.960417 0.256250 0.960417 0.264583 0.962500 0.266667 0.962500 0.268750 0.968750 0.275000 0.968750 0.279167 0.970833 0.281250 0.970833 0.291667 0.972917 0.293750 0.972917 0.300000 0.975000 0.302083 0.975000 0.306250 0.977083 0.308333 0.975000 0.310417 0.975000 0.314583 0.977083 0.316667 0.977083 0.329167 0.983333 0.335417 0.983333 0.345833 0.985417 0.347917 0.985417 0.352083 0.987500 0.354167 0.987500 0.356250 0.989583 0.358333 0.987500 0.360417 0.991667 0.364583 0.991667 0.366667 0.993750 0.368750 0.993750 0.370833 0.997917 0.375000 0.997917 0.377083 0.997917 0.333333 0.993750 0.329167 0.993750 0.314583 0.991667 0.312500 0.991667 0.300000 0.987500 0.295833 0.987500 0.293750 0.985417 0.291667 0.987500 0.289583 0.985417 0.287500 0.985417 0.283333 0.983333 0.281250 0.983333 0.268750 0.981250 0.268750 0.979167 0.266667 0.979167 0.264583 0.977083 0.262500 0.977083 0.258333 0.975000 0.256250 0.975000 0.250000 0.972917 0.247917 0.972917 0.243750 0.970833 0.241667 0.970833 0.239583 0.968750 0.237500 0.968750 0.229167 0.966667 0.227083 0.966667 0.222917 0.962500 0.218750 0.962500 0.210417 0.960417 0.208333 0.960417 0.202083 0.962500 0.200000 0.964583 0.200000 0.966667 0.202083 0.968750 0.202083 0.968750 0.195833 0.964583 0.191667 0.964583 0.187500 0.960417 0.183333 0.960417 0.181250 0.958333 0.179167 0.958333 0.177083 0.956250 0.177083 0.954167 0.175000 0.954167 0.172917 0.952083 0.170833 0.952083 0.164583 0.947917 0.160417 0.947917 0.158333 0.945833 0.156250 0.945833 0.154167 0.943750 0.152083 0.943750 0.147917