0 0.372917 0.935417 0.370833 0.937500 0.370833 0.950000 0.368750 0.952083 0.368750 0.972917 0.366667 0.975000 0.366667 0.979167 0.364583 0.981250 0.364583 0.987500 0.368750 0.987500 0.370833 0.985417 0.370833 0.966667 0.372917 0.964583
0 0.400000 0.839583 0.400000 0.852083 0.397917 0.854167 0.397917 0.864583 0.395833 0.866667 0.395833 0.870833 0.391667 0.875000 0.391667 0.877083 0.387500 0.881250 0.387500 0.885417 0.385417 0.887500 0.385417 0.889583 0.383333 0.891667 0.383333 0.897917 0.385417 0.897917 0.385417 0.895833 0.387500 0.893750 0.387500 0.891667 0.389583 0.889583 0.389583 0.885417 0.393750 0.881250 0.393750 0.879167 0.397917 0.875000 0.397917 0.872917 0.400000 0.870833 0.400000 0.862500 0.402083 0.860417 0.402083 0.839583
0 0.456250 0.752083 0.456250 0.754167 0.452083 0.758333 0.452083 0.760417 0.439583 0.772917 0.433333 0.772917 0.431250 0.775000 0.431250 0.777083 0.429167 0.779167 0.429167 0.781250 0.427083 0.783333 0.427083 0.789583 0.425000 0.791667 0.425000 0.793750 0.422917 0.795833 0.416667 0.795833 0.408333 0.804167 0.408333 0.810417 0.406250 0.812500 0.406250 0.818750 0.404167 0.820833 0.404167 0.829167 0.406250 0.827083 0.406250 0.822917 0.408333 0.820833 0.408333 0.818750 0.410417 0.816667 0.410417 0.810417 0.412500 0.808333 0.412500 0.806250 0.418750 0.800000 0.420833 0.800000 0.422917 0.797917 0.425000 0.797917 0.427083 0.795833 0.427083 0.793750 0.429167 0.791667 0.429167 0.787500 0.431250 0.785417 0.431250 0.783333 0.433333 0.781250 0.433333 0.779167 0.437500 0.775000 0.441667 0.775000 0.445833 0.770833 0.447917 0.770833 0.452083 0.766667 0.452083 0.764583 0.456250 0.760417 0.456250 0.758333 0.458333 0.756250 0.458333 0.752083
0 0.464583 0.693750 0.464583 0.704167 0.462500 0.706250 0.462500 0.737500 0.462500 0.733333 0.464583 0.731250
0 0.445833 0.525000 0.445833 0.554167 0.447917 0.556250 0.447917 0.562500 0.445833 0.564583 0.445833 0.570833 0.447917 0.572917 0.445833 0.575000 0.445833 0.577083 0.443750 0.579167 0.445833 0.581250 0.445833 0.587500 0.443750 0.589583 0.443750 0.591667 0.445833 0.593750 0.445833 0.616667 0.443750 0.618750 0.443750 0.620833 0.445833 0.620833 0.445833 0.616667 0.447917 0.614583 0.447917 0.577083 0.450000 0.575000 0.450000 0.562500 0.452083 0.560417 0.452083 0.558333 0.450000 0.556250 0.450000 0.554167 0.447917 0.552083 0.447917 0.535417 0.450000 0.533333 0.450000 0.527083 0.447917 0.525000
0 0.633333 0.481250 0.633333 0.483333 0.635417 0.485417 0.637500 0.485417 0.639583 0.487500 0.639583 0.489583 0.637500 0.491667 0.637500 0.493750 0.635417 0.495833 0.635417 0.497917 0.631250 0.502083 0.622917 0.502083 0.620833 0.504167 0.618750 0.502083 0.618750 0.500000 0.612500 0.500000 0.610417 0.497917 0.608333 0.497917 0.606250 0.500000 0.604167 0.497917 0.602083 0.497917 0.600000 0.495833 0.595833 0.495833 0.593750 0.493750 0.583333 0.493750 0.581250 0.491667 0.577083 0.491667 0.577083 0.493750 0.570833 0.500000 0.566667 0.500000 0.564583 0.502083 0.550000 0.502083 0.547917 0.500000 0.545833 0.500000 0.543750 0.502083 0.539583 0.502083 0.535417 0.506250 0.535417 0.510417 0.529167 0.516667 0.533333 0.516667 0.535417 0.514583 0.535417 0.512500 0.543750 0.504167 0.550000 0.504167 0.552083 0.506250 0.554167 0.506250 0.556250 0.508333 0.556250 0.520833 0.554167 0.522917 0.554167 0.527083 0.543750 0.537500 0.533333 0.537500 0.531250 0.539583 0.516667 0.539583 0.514583 0.537500 0.497917 0.537500 0.495833 0.539583 0.489583 0.539583 0.487500 0.541667 0.481250 0.541667 0.479167 0.543750 0.472917 0.543750 0.468750 0.539583 0.460417 0.539583 0.462500 0.541667 0.464583 0.541667 0.475000 0.552083 0.479167 0.552083 0.477083 0.550000 0.479167 0.547917 0.483333 0.547917 0.485417 0.545833 0.489583 0.545833 0.491667 0.543750 0.495833 0.543750 0.497917 0.541667 0.500000 0.541667 0.502083 0.539583 0.508333 0.539583 0.510417 0.541667 0.512500 0.541667 0.514583 0.543750 0.516667 0.543750 0.520833 0.547917 0.520833 0.556250 0.525000 0.560417 0.525000 0.568750 0.520833 0.572917 0.518750 0.572917 0.518750 0.575000 0.516667 0.577083 0.516667 0.579167 0.510417 0.585417 0.510417 0.587500 0.500000 0.597917 0.491667 0.597917 0.489583 0.600000 0.487500 0.600000 0.485417 0.602083 0.485417 0.604167 0.481250 0.608333 0.481250 0.610417 0.483333 0.610417 0.487500 0.606250 0.491667 0.606250 0.493750 0.604167 0.495833 0.604167 0.497917 0.602083 0.500000 0.602083 0.506250 0.595833 0.506250 0.593750 0.514583 0.585417 0.514583 0.583333 0.516667 0.581250 0.516667 0.579167 0.522917 0.572917 0.525000 0.572917 0.527083 0.570833 0.527083 0.566667 0.529167 0.564583 0.531250 0.566667 0.537500 0.566667 0.539583 0.564583 0.550000 0.564583 0.552083 0.566667 0.554167 0.566667 0.556250 0.568750 0.558333 0.568750 0.560417 0.570833 0.562500 0.570833 0.568750 0.577083 0.581250 0.577083 0.583333 0.575000 0.591667 0.575000 0.595833 0.579167 0.597917 0.579167 0.600000 0.581250 0.604167 0.581250 0.606250 0.579167 0.616667 0.579167 0.618750 0.577083 0.622917 0.577083 0.629167 0.570833 0.639583 0.570833 0.645833 0.564583 0.650000 0.564583 0.654167 0.560417 0.656250 0.560417 0.658333 0.562500 0.660417 0.562500 0.662500 0.564583 0.662500 0.566667 0.664583 0.568750 0.668750 0.568750 0.670833 0.570833 0.672917 0.570833 0.679167 0.577083 0.683333 0.577083 0.685417 0.575000 0.687500 0.575000 0.689583 0.572917 0.691667 0.572917 0.693750 0.570833 0.695833 0.570833 0.697917 0.568750 0.706250 0.568750 0.708333 0.566667 0.702083 0.566667 0.700000 0.568750 0.693750 0.568750 0.689583 0.572917 0.681250 0.572917 0.675000 0.566667 0.668750 0.566667 0.662500 0.560417 0.660417 0.560417 0.656250 0.556250 0.652083 0.556250 0.650000 0.558333 0.647917 0.558333 0.645833 0.560417 0.643750 0.560417 0.641667 0.562500 0.641667 0.564583 0.637500 0.568750 0.635417 0.568750 0.633333 0.566667 0.627083 0.566667 0.618750 0.575000 0.600000 0.575000 0.597917 0.572917 0.595833 0.572917 0.593750 0.570833 0.583333 0.570833 0.581250 0.572917 0.570833 0.572917 0.568750 0.570833 0.566667 0.570833 0.564583 0.568750 0.560417 0.568750 0.554167 0.562500 0.552083 0.562500 0.550000 0.564583 0.547917 0.562500 0.543750 0.562500 0.541667 0.564583 0.535417 0.564583 0.533333 0.562500 0.531250 0.562500 0.525000 0.556250 0.525000 0.552083 0.522917 0.550000 0.522917 0.547917 0.520833 0.545833 0.520833 0.543750 0.522917 0.541667 0.531250 0.541667 0.533333 0.543750 0.531250 0.545833 0.531250 0.547917 0.533333 0.547917 0.535417 0.545833 0.535417 0.543750 0.539583 0.539583 0.541667 0.541667 0.547917 0.541667 0.550000 0.539583 0.550000 0.537500 0.552083 0.535417 0.554167 0.537500 0.554167 0.541667 0.562500 0.550000 0.562500 0.545833 0.560417 0.543750 0.558333 0.543750 0.556250 0.541667 0.556250 0.535417 0.552083 0.531250 0.556250 0.527083 0.556250 0.525000 0.558333 0.522917 0.558333 0.510417 0.562500 0.506250 0.566667 0.506250 0.568750 0.504167 0.572917 0.504167 0.575000 0.502083 0.577083 0.502083 0.579167 0.500000 0.581250 0.500000 0.583333 0.497917 0.591667 0.497917 0.593750 0.500000 0.597917 0.500000 0.602083 0.504167 0.608333 0.504167 0.610417 0.502083 0.614583 0.502083 0.616667 0.504167 0.616667 0.506250 0.618750 0.508333 0.625000 0.508333 0.627083 0.506250 0.635417 0.506250 0.637500 0.504167 0.641667 0.504167 0.641667 0.493750 0.639583 0.491667 0.641667 0.489583 0.643750 0.489583 0.643750 0.487500 0.645833 0.485417 0.668750 0.485417 0.670833 0.487500 0.672917 0.487500 0.679167 0.493750 0.687500 0.493750 0.689583 0.495833 0.691667 0.495833 0.708333 0.512500 0.708333 0.516667 0.712500 0.520833 0.712500 0.527083 0.716667 0.531250 0.718750 0.531250 0.720833 0.533333 0.720833 0.537500 0.729167 0.545833 0.731250 0.545833 0.733333 0.547917 0.733333 0.550000 0.735417 0.552083 0.735417 0.554167 0.739583 0.558333 0.739583 0.560417 0.741667 0.562500 0.741667 0.564583 0.743750 0.566667 0.743750 0.568750 0.758333 0.583333 0.766667 0.583333 0.766667 0.579167 0.768750 0.577083 0.770833 0.577083 0.772917 0.579167 0.779167 0.579167 0.787500 0.587500 0.789583 0.587500 0.791667 0.589583 0.797917 0.589583 0.800000 0.591667 0.802083 0.591667 0.804167 0.593750 0.810417 0.593750 0.814583 0.597917 0.816667 0.597917 0.818750 0.600000 0.829167 0.600000 0.831250 0.602083 0.835417 0.602083 0.837500 0.604167 0.850000 0.604167 0.852083 0.602083 0.868750 0.602083 0.870833 0.604167 0.875000 0.604167 0.877083 0.606250 0.883333 0.606250 0.885417 0.608333 0.887500 0.608333 0.891667 0.612500 0.891667 0.614583 0.895833 0.618750 0.920833 0.618750 0.925000 0.614583 0.927083 0.614583 0.929167 0.616667 0.931250 0.616667 0.933333 0.618750 0.939583 0.618750 0.941667 0.616667 0.941667 0.610417 0.920833 0.610417 0.918750 0.612500 0.910417 0.612500 0.908333 0.614583 0.906250 0.614583 0.904167 0.612500 0.902083 0.612500 0.897917 0.608333 0.895833 0.608333 0.887500 0.600000 0.879167 0.600000 0.877083 0.597917 0.870833 0.597917 0.868750 0.595833 0.866667 0.595833 0.864583 0.593750 0.860417 0.593750 0.858333 0.591667 0.852083 0.591667 0.850000 0.593750 0.847917 0.593750 0.845833 0.595833 0.825000 0.595833 0.822917 0.593750 0.820833 0.593750 0.818750 0.591667 0.814583 0.591667 0.812500 0.589583 0.806250 0.589583 0.804167 0.587500 0.802083 0.587500 0.800000 0.585417 0.793750 0.585417 0.789583 0.581250 0.789583 0.579167 0.785417 0.575000 0.756250 0.575000 0.747917 0.566667 0.747917 0.564583 0.745833 0.562500 0.745833 0.560417 0.741667 0.556250 0.741667 0.554167 0.739583 0.552083 0.739583 0.550000 0.737500 0.547917 0.737500 0.545833 0.729167 0.537500 0.729167 0.535417 0.725000 0.531250 0.725000 0.529167 0.720833 0.525000 0.720833 0.522917 0.718750 0.522917 0.714583 0.518750 0.714583 0.514583 0.712500 0.512500 0.712500 0.510417 0.710417 0.508333 0.712500 0.506250 0.714583 0.506250 0.714583 0.504167 0.718750 0.500000 0.727083 0.500000 0.729167 0.502083 0.731250 0.502083 0.733333 0.504167 0.735417 0.504167 0.737500 0.502083 0.741667 0.502083 0.743750 0.504167 0.760417 0.504167 0.762500 0.502083 0.770833 0.502083 0.772917 0.500000 0.783333 0.500000 0.781250 0.497917 0.764583 0.497917 0.762500 0.500000 0.758333 0.500000 0.756250 0.502083 0.752083 0.502083 0.750000 0.500000 0.735417 0.500000 0.733333 0.497917 0.729167 0.497917 0.727083 0.495833 0.722917 0.495833 0.720833 0.497917 0.714583 0.497917 0.708333 0.504167 0.700000 0.495833 0.700000 0.491667 0.697917 0.489583 0.693750 0.489583 0.691667 0.487500 0.685417 0.487500 0.683333 0.489583 0.681250 0.487500 0.681250 0.485417 0.679167 0.485417 0.677083 0.483333 0.672917 0.483333 0.670833 0.481250 0.643750 0.481250 0.641667 0.483333 0.639583 0.483333 0.637500 0.481250
0 0.445833 0.470833 0.445833 0.481250 0.447917 0.483333 0.447917 0.489583 0.445833 0.491667 0.445833 0.497917 0.447917 0.500000 0.447917 0.506250 0.450000 0.508333 0.450000 0.514583 0.452083 0.512500 0.452083 0.510417 0.450000 0.508333 0.450000 0.479167 0.447917 0.477083 0.447917 0.470833
0 0.437500 0.385417 0.437500 0.387500 0.439583 0.389583 0.439583 0.412500 0.441667 0.414583 0.441667 0.425000 0.443750 0.427083 0.443750 0.429167 0.445833 0.431250 0.445833 0.435417 0.445833 0.425000 0.443750 0.422917 0.443750 0.408333 0.441667 0.406250 0.441667 0.387500 0.439583 0.385417
0 0.420833 0.268750 0.420833 0.279167 0.422917 0.281250 0.422917 0.295833 0.425000 0.297917 0.425000 0.302083 0.427083 0.304167 0.427083 0.306250 0.431250 0.306250 0.433333 0.308333 0.433333 0.320833 0.435417 0.322917 0.435417 0.335417 0.437500 0.337500 0.437500 0.370833 0.439583 0.370833 0.439583 0.337500 0.441667 0.335417 0.441667 0.333333 0.439583 0.331250 0.439583 0.329167 0.437500 0.327083 0.437500 0.318750 0.435417 0.316667 0.435417 0.304167 0.433333 0.302083 0.429167 0.302083 0.427083 0.300000 0.427083 0.295833 0.425000 0.293750 0.425000 0.277083 0.422917 0.275000 0.422917 0.268750
0 0.427083 0.172917 0.427083 0.181250 0.425000 0.183333 0.425000 0.185417 0.427083 0.187500 0.427083 0.208333 0.431250 0.208333 0.429167 0.206250 0.429167 0.179167 0.427083 0.177083
0 0.427083 0.056250 0.425000 0.058333 0.425000 0.070833 0.422917 0.072917 0.422917 0.087500 0.420833 0.089583 0.420833 0.100000 0.418750 0.102083 0.418750 0.106250 0.420833 0.108333 0.420833 0.118750 0.422917 0.120833 0.422917 0.122917 0.425000 0.125000 0.425000 0.127083 0.427083 0.129167 0.427083 0.133333 0.425000 0.135417 0.425000 0.143750 0.427083 0.145833 0.427083 0.160417 0.429167 0.162500 0.429167 0.147917 0.427083 0.145833 0.427083 0.133333 0.429167 0.131250 0.429167 0.122917 0.425000 0.118750 0.425000 0.116667 0.422917 0.114583 0.422917 0.108333 0.420833 0.106250 0.420833 0.102083 0.422917 0.100000 0.422917 0.093750 0.425000 0.091667 0.425000 0.066667 0.429167 0.062500 0.429167 0.056250
0 0.429167 0.000000 0.429167 0.008333 0.431250 0.010417 0.431250 0.012500 0.429167 0.014583 0.429167 0.039583 0.431250 0.037500 0.431250 0.020833 0.433333 0.018750 0.433333 0.008333 0.431250 0.006250 0.431250 0.000000