0 0.875000 0.718750 0.872917 0.720833 0.872917 0.722917 0.870833 0.725000 0.870833 0.733333 0.868750 0.735417 0.866667 0.735417 0.862500 0.739583 0.862500 0.750000 0.860417 0.752083 0.858333 0.752083 0.854167 0.756250 0.854167 0.760417 0.856250 0.762500 0.856250 0.772917 0.854167 0.775000 0.854167 0.779167 0.858333 0.783333 0.858333 0.791667 0.860417 0.793750 0.860417 0.797917 0.858333 0.800000 0.858333 0.804167 0.854167 0.808333 0.854167 0.810417 0.850000 0.814583 0.850000 0.816667 0.847917 0.818750 0.847917 0.820833 0.845833 0.822917 0.845833 0.831250 0.843750 0.833333 0.841667 0.833333 0.841667 0.843750 0.839583 0.845833 0.839583 0.847917 0.837500 0.850000 0.837500 0.856250 0.833333 0.860417 0.831250 0.860417 0.831250 0.879167 0.829167 0.881250 0.831250 0.883333 0.829167 0.885417 0.829167 0.889583 0.827083 0.891667 0.827083 0.897917 0.822917 0.902083 0.822917 0.912500 0.827083 0.916667 0.827083 0.929167 0.829167 0.931250 0.829167 0.933333 0.825000 0.937500 0.825000 0.954167 0.820833 0.958333 0.820833 0.960417 0.818750 0.962500 0.818750 0.964583 0.816667 0.966667 0.816667 0.970833 0.814583 0.972917 0.814583 0.975000 0.810417 0.979167 0.810417 0.981250 0.806250 0.985417 0.806250 0.997917 0.808333 0.997917 0.808333 0.995833 0.810417 0.993750 0.810417 0.991667 0.808333 0.989583 0.808333 0.987500 0.810417 0.985417 0.810417 0.983333 0.820833 0.972917 0.820833 0.964583 0.825000 0.960417 0.825000 0.958333 0.833333 0.950000 0.833333 0.945833 0.831250 0.947917 0.829167 0.945833 0.829167 0.937500 0.831250 0.935417 0.831250 0.933333 0.833333 0.931250 0.833333 0.929167 0.835417 0.927083 0.835417 0.922917 0.831250 0.918750 0.831250 0.914583 0.829167 0.914583 0.827083 0.912500 0.827083 0.908333 0.825000 0.906250 0.825000 0.904167 0.831250 0.897917 0.831250 0.889583 0.833333 0.887500 0.833333 0.885417 0.835417 0.883333 0.835417 0.881250 0.833333 0.879167 0.833333 0.866667 0.835417 0.864583 0.835417 0.862500 0.839583 0.858333 0.839583 0.852083 0.843750 0.847917 0.843750 0.843750 0.845833 0.841667 0.845833 0.839583 0.843750 0.837500 0.843750 0.835417 0.845833 0.833333 0.850000 0.833333 0.850000 0.831250 0.847917 0.829167 0.847917 0.825000 0.854167 0.818750 0.854167 0.816667 0.860417 0.810417 0.860417 0.806250 0.862500 0.804167 0.862500 0.802083 0.864583 0.800000 0.864583 0.795833 0.862500 0.793750 0.862500 0.789583 0.860417 0.787500 0.860417 0.779167 0.858333 0.777083 0.858333 0.775000 0.860417 0.772917 0.860417 0.756250 0.868750 0.747917 0.868750 0.737500 0.870833 0.735417 0.872917 0.735417 0.875000 0.733333 0.875000 0.731250 0.877083 0.729167 0.877083 0.718750
0 0.895833 0.622917 0.895833 0.637500 0.893750 0.639583 0.893750 0.641667 0.895833 0.643750 0.895833 0.652083 0.893750 0.654167 0.893750 0.656250 0.885417 0.664583 0.885417 0.677083 0.887500 0.679167 0.881250 0.685417 0.881250 0.693750 0.883333 0.695833 0.883333 0.706250 0.885417 0.708333 0.885417 0.712500 0.883333 0.714583 0.883333 0.716667 0.885417 0.714583 0.885417 0.712500 0.887500 0.710417 0.887500 0.708333 0.885417 0.706250 0.885417 0.702083 0.887500 0.700000 0.887500 0.689583 0.885417 0.687500 0.887500 0.685417 0.887500 0.683333 0.897917 0.672917 0.897917 0.660417 0.895833 0.658333 0.895833 0.654167 0.897917 0.652083 0.897917 0.645833 0.895833 0.643750 0.895833 0.641667 0.897917 0.639583 0.897917 0.637500 0.902083 0.633333 0.902083 0.629167 0.897917 0.625000 0.897917 0.622917
0 0.885417 0.508333 0.883333 0.510417 0.883333 0.518750 0.885417 0.520833 0.885417 0.522917 0.887500 0.525000 0.887500 0.527083 0.885417 0.529167 0.885417 0.535417 0.889583 0.539583 0.889583 0.556250 0.891667 0.558333 0.891667 0.562500 0.893750 0.564583 0.893750 0.570833 0.895833 0.572917 0.895833 0.581250 0.897917 0.583333 0.897917 0.585417 0.900000 0.587500 0.900000 0.589583 0.902083 0.591667 0.902083 0.602083 0.904167 0.604167 0.904167 0.606250 0.902083 0.608333 0.902083 0.612500 0.900000 0.614583 0.902083 0.616667 0.902083 0.614583 0.904167 0.612500 0.904167 0.604167 0.906250 0.602083 0.906250 0.597917 0.904167 0.595833 0.904167 0.589583 0.897917 0.583333 0.900000 0.581250 0.900000 0.579167 0.897917 0.577083 0.897917 0.575000 0.895833 0.572917 0.895833 0.566667 0.893750 0.564583 0.893750 0.562500 0.891667 0.560417 0.891667 0.556250 0.893750 0.554167 0.895833 0.554167 0.893750 0.552083 0.893750 0.550000 0.891667 0.547917 0.891667 0.539583 0.889583 0.537500 0.889583 0.535417 0.887500 0.533333 0.887500 0.531250 0.889583 0.529167 0.889583 0.522917 0.887500 0.520833 0.887500 0.518750 0.885417 0.516667
0 0.900000 0.433333 0.897917 0.435417 0.897917 0.437500 0.895833 0.439583 0.895833 0.445833 0.893750 0.447917 0.893750 0.454167 0.891667 0.456250 0.891667 0.468750 0.893750 0.470833 0.893750 0.477083 0.895833 0.479167 0.895833 0.487500 0.897917 0.485417 0.897917 0.479167 0.900000 0.477083 0.895833 0.472917 0.895833 0.462500 0.893750 0.460417 0.893750 0.456250 0.895833 0.454167 0.895833 0.447917 0.897917 0.445833 0.897917 0.443750 0.900000 0.441667
0 0.872917 0.425000 0.872917 0.431250 0.875000 0.431250 0.877083 0.433333 0.879167 0.433333 0.881250 0.435417 0.883333 0.435417 0.885417 0.437500 0.885417 0.439583 0.887500 0.441667 0.887500 0.447917 0.887500 0.433333 0.885417 0.431250 0.883333 0.433333 0.881250 0.431250 0.879167 0.431250
0 0.879167 0.391667 0.879167 0.393750 0.877083 0.395833 0.877083 0.400000 0.883333 0.400000 0.887500 0.404167 0.891667 0.404167 0.895833 0.408333 0.895833 0.410417 0.897917 0.412500 0.897917 0.414583 0.900000 0.414583 0.902083 0.416667 0.904167 0.416667 0.906250 0.418750 0.908333 0.418750 0.904167 0.414583 0.902083 0.414583 0.900000 0.412500 0.900000 0.410417 0.897917 0.408333 0.897917 0.406250 0.895833 0.404167 0.891667 0.404167 0.885417 0.397917 0.883333 0.397917 0.881250 0.395833 0.881250 0.393750
0 0.929167 0.387500 0.925000 0.391667 0.925000 0.400000 0.922917 0.402083 0.922917 0.404167 0.916667 0.410417 0.916667 0.412500 0.914583 0.414583 0.914583 0.416667 0.920833 0.422917 0.922917 0.422917 0.922917 0.418750 0.918750 0.414583 0.918750 0.410417 0.925000 0.404167 0.925000 0.397917 0.927083 0.395833 0.927083 0.393750 0.929167 0.391667
0 0.850000 0.379167 0.850000 0.381250 0.854167 0.385417 0.854167 0.389583 0.858333 0.393750 0.858333 0.397917 0.860417 0.400000 0.860417 0.402083 0.862500 0.404167 0.862500 0.406250 0.864583 0.406250 0.864583 0.402083 0.860417 0.397917 0.860417 0.395833 0.858333 0.393750 0.858333 0.389583 0.856250 0.387500 0.856250 0.381250 0.854167 0.379167
0 0.816667 0.337500 0.816667 0.339583 0.818750 0.341667 0.818750 0.343750 0.820833 0.345833 0.820833 0.347917 0.825000 0.352083 0.825000 0.358333 0.827083 0.360417 0.827083 0.362500 0.833333 0.368750 0.835417 0.368750 0.833333 0.366667 0.833333 0.364583 0.829167 0.360417 0.829167 0.358333 0.825000 0.354167 0.825000 0.345833
0 0.914583 0.187500 0.914583 0.189583 0.920833 0.195833 0.920833 0.197917 0.927083 0.197917 0.929167 0.200000 0.937500 0.200000 0.939583 0.202083 0.941667 0.202083 0.939583 0.202083 0.933333 0.195833 0.925000 0.195833 0.922917 0.193750 0.922917 0.191667 0.918750 0.187500
0 0.822917 0.168750 0.822917 0.185417 0.827083 0.189583 0.827083 0.197917 0.829167 0.200000 0.829167 0.216667 0.831250 0.218750 0.831250 0.210417 0.829167 0.208333 0.829167 0.191667 0.827083 0.189583 0.827083 0.183333 0.825000 0.181250 0.825000 0.170833
0 0.775000 0.108333 0.779167 0.108333 0.785417 0.114583 0.785417 0.118750 0.787500 0.118750 0.789583 0.120833 0.789583 0.122917 0.791667 0.125000 0.791667 0.127083 0.795833 0.127083 0.795833 0.125000 0.791667 0.120833 0.791667 0.118750 0.787500 0.114583 0.787500 0.110417 0.785417 0.112500 0.781250 0.108333
0 0.766667 0.068750 0.766667 0.070833 0.768750 0.072917 0.768750 0.081250 0.766667 0.083333 0.766667 0.085417 0.777083 0.095833 0.777083 0.097917 0.779167 0.097917 0.783333 0.102083 0.785417 0.102083 0.787500 0.104167 0.787500 0.106250 0.789583 0.106250 0.793750 0.110417 0.793750 0.106250 0.785417 0.097917 0.781250 0.097917 0.775000 0.091667 0.775000 0.089583 0.768750 0.083333 0.768750 0.079167 0.770833 0.077083 0.770833 0.068750
0 0.729167 0.025000 0.729167 0.027083 0.731250 0.029167 0.735417 0.029167 0.745833 0.039583 0.745833 0.041667 0.747917 0.043750 0.747917 0.056250 0.750000 0.058333 0.750000 0.064583 0.750000 0.045833 0.747917 0.043750 0.747917 0.037500 0.750000 0.035417 0.756250 0.035417 0.758333 0.037500 0.758333 0.039583 0.764583 0.045833 0.766667 0.045833 0.770833 0.050000 0.770833 0.058333 0.772917 0.060417 0.772917 0.062500 0.775000 0.064583 0.775000 0.058333 0.772917 0.056250 0.772917 0.045833 0.770833 0.043750 0.768750 0.043750 0.766667 0.041667 0.764583 0.041667 0.756250 0.033333 0.754167 0.033333 0.752083 0.031250 0.747917 0.031250 0.745833 0.033333 0.741667 0.029167 0.737500 0.029167 0.735417 0.027083 0.733333 0.027083 0.731250 0.025000
0 0.718750 0.000000 0.720833 0.000000 0.722917 0.002083 0.722917 0.004167 0.725000 0.006250 0.725000 0.008333 0.727083 0.010417 0.727083 0.012500 0.729167 0.014583 0.729167 0.016667 0.731250 0.018750 0.731250 0.020833 0.731250 0.012500 0.727083 0.008333 0.727083 0.002083 0.725000 0.000000