0 0.854167 0.356250 0.868750 0.356250 0.870833 0.358333 0.879167 0.358333 0.881250 0.360417 0.885417 0.360417 0.887500 0.358333 0.891667 0.358333 0.893750 0.360417 0.900000 0.360417 0.902083 0.362500 0.904167 0.362500 0.906250 0.364583 0.910417 0.364583 0.912500 0.366667 0.914583 0.366667 0.916667 0.368750 0.929167 0.368750 0.933333 0.364583 0.937500 0.368750 0.937500 0.370833 0.941667 0.375000 0.958333 0.375000 0.960417 0.377083 0.966667 0.377083 0.968750 0.379167 0.972917 0.379167 0.977083 0.383333 0.985417 0.383333 0.987500 0.385417 0.989583 0.385417 0.993750 0.389583 0.989583 0.385417 0.987500 0.385417 0.985417 0.383333 0.977083 0.383333 0.972917 0.379167 0.968750 0.379167 0.966667 0.377083 0.960417 0.377083 0.958333 0.375000 0.941667 0.375000 0.937500 0.370833 0.937500 0.368750 0.933333 0.364583 0.929167 0.368750 0.916667 0.368750 0.914583 0.366667 0.912500 0.366667 0.910417 0.364583 0.906250 0.364583 0.904167 0.362500 0.902083 0.362500 0.900000 0.360417 0.893750 0.360417 0.891667 0.358333 0.887500 0.358333 0.885417 0.360417 0.881250 0.360417 0.879167 0.358333 0.870833 0.358333 0.868750 0.356250
0 0.843750 0.354167 0.841667 0.356250 0.845833 0.356250 0.847917 0.354167 0.845833 0.356250
0 0.606250 0.343750 0.608333 0.343750 0.610417 0.345833 0.612500 0.345833 0.618750 0.352083 0.625000 0.352083 0.631250 0.358333 0.633333 0.358333 0.637500 0.362500 0.643750 0.362500 0.645833 0.364583 0.650000 0.364583 0.654167 0.360417 0.656250 0.360417 0.658333 0.358333 0.660417 0.358333 0.662500 0.356250 0.672917 0.356250 0.675000 0.358333 0.679167 0.358333 0.683333 0.362500 0.697917 0.362500 0.700000 0.364583 0.702083 0.364583 0.704167 0.366667 0.710417 0.360417 0.712500 0.360417 0.716667 0.356250 0.718750 0.358333 0.718750 0.356250 0.720833 0.354167 0.722917 0.354167 0.725000 0.352083 0.750000 0.352083 0.752083 0.354167 0.754167 0.354167 0.756250 0.356250 0.758333 0.356250 0.760417 0.358333 0.762500 0.358333 0.777083 0.343750 0.781250 0.343750 0.793750 0.356250 0.797917 0.356250 0.804167 0.350000 0.808333 0.350000 0.810417 0.347917 0.812500 0.347917 0.816667 0.352083 0.825000 0.352083 0.829167 0.356250 0.831250 0.356250 0.829167 0.356250 0.825000 0.352083 0.816667 0.352083 0.812500 0.347917 0.810417 0.347917 0.808333 0.350000 0.804167 0.350000 0.797917 0.356250 0.793750 0.356250 0.781250 0.343750 0.777083 0.343750 0.762500 0.358333 0.760417 0.358333 0.758333 0.356250 0.756250 0.356250 0.754167 0.354167 0.752083 0.354167 0.750000 0.352083 0.725000 0.352083 0.722917 0.354167 0.720833 0.354167 0.718750 0.356250 0.716667 0.356250 0.712500 0.360417 0.710417 0.360417 0.704167 0.366667 0.700000 0.362500 0.683333 0.362500 0.679167 0.358333 0.675000 0.358333 0.672917 0.356250 0.662500 0.356250 0.660417 0.358333 0.658333 0.358333 0.656250 0.360417 0.654167 0.360417 0.650000 0.364583 0.645833 0.364583 0.643750 0.362500 0.637500 0.362500 0.633333 0.358333 0.631250 0.358333 0.625000 0.352083 0.625000 0.350000 0.622917 0.352083 0.618750 0.352083 0.612500 0.345833 0.610417 0.345833 0.608333 0.343750
0 0.562500 0.333333 0.562500 0.335417 0.560417 0.337500 0.554167 0.337500 0.560417 0.337500 0.564583 0.333333
0 0.568750 0.331250 0.575000 0.337500 0.587500 0.337500 0.589583 0.339583 0.591667 0.339583 0.593750 0.341667 0.602083 0.341667 0.593750 0.341667 0.591667 0.339583 0.589583 0.339583 0.587500 0.337500 0.575000 0.337500
0 0.539583 0.331250 0.541667 0.331250 0.547917 0.337500 0.550000 0.337500 0.547917 0.337500 0.541667 0.331250
0 0.427083 0.312500 0.429167 0.314583 0.437500 0.314583 0.439583 0.316667 0.443750 0.316667 0.445833 0.318750 0.450000 0.318750 0.452083 0.320833 0.466667 0.320833 0.468750 0.322917 0.468750 0.325000 0.477083 0.325000 0.483333 0.331250 0.485417 0.331250 0.487500 0.333333 0.489583 0.333333 0.491667 0.335417 0.497917 0.335417 0.500000 0.337500 0.518750 0.337500 0.525000 0.331250 0.535417 0.331250 0.525000 0.331250 0.518750 0.337500 0.500000 0.337500 0.497917 0.335417 0.491667 0.335417 0.489583 0.333333 0.487500 0.333333 0.485417 0.331250 0.483333 0.331250 0.477083 0.325000 0.470833 0.325000 0.466667 0.320833 0.452083 0.320833 0.450000 0.318750 0.445833 0.318750 0.443750 0.316667 0.439583 0.316667 0.437500 0.314583 0.429167 0.314583
0 0.362500 0.300000 0.366667 0.300000 0.368750 0.302083 0.383333 0.302083 0.385417 0.304167 0.387500 0.304167 0.389583 0.306250 0.391667 0.304167 0.402083 0.304167 0.404167 0.306250 0.410417 0.306250 0.414583 0.310417 0.418750 0.310417 0.420833 0.312500 0.422917 0.312500 0.420833 0.312500 0.418750 0.310417 0.414583 0.310417 0.410417 0.306250 0.404167 0.306250 0.402083 0.304167 0.391667 0.304167 0.389583 0.306250 0.387500 0.304167 0.385417 0.304167 0.383333 0.302083 0.368750 0.302083 0.366667 0.300000
0 0.297917 0.293750 0.293750 0.297917 0.289583 0.297917 0.287500 0.300000 0.285417 0.300000 0.283333 0.302083 0.281250 0.302083 0.277083 0.306250 0.272917 0.306250 0.270833 0.304167 0.266667 0.304167 0.264583 0.302083 0.262500 0.304167 0.260417 0.304167 0.258333 0.306250 0.239583 0.306250 0.237500 0.308333 0.239583 0.306250 0.258333 0.306250 0.260417 0.304167 0.262500 0.304167 0.264583 0.302083 0.266667 0.304167 0.270833 0.304167 0.272917 0.306250 0.277083 0.306250 0.281250 0.302083 0.283333 0.302083 0.285417 0.300000 0.287500 0.300000 0.289583 0.297917 0.293750 0.297917 0.297917 0.293750 0.302083 0.297917 0.304167 0.295833 0.308333 0.295833 0.310417 0.293750 0.312500 0.295833 0.314583 0.295833 0.318750 0.300000 0.333333 0.300000 0.335417 0.302083 0.341667 0.302083 0.343750 0.300000 0.347917 0.300000 0.350000 0.302083 0.352083 0.302083 0.354167 0.300000 0.358333 0.300000 0.354167 0.300000 0.352083 0.302083 0.350000 0.302083 0.347917 0.300000 0.343750 0.300000 0.341667 0.302083 0.335417 0.302083 0.333333 0.300000 0.318750 0.300000 0.314583 0.295833 0.312500 0.295833 0.310417 0.293750 0.308333 0.295833 0.304167 0.295833 0.302083 0.297917
0 0.087500 0.287500 0.095833 0.295833 0.097917 0.295833 0.100000 0.297917 0.110417 0.297917 0.112500 0.300000 0.116667 0.300000 0.125000 0.308333 0.127083 0.308333 0.129167 0.306250 0.170833 0.306250 0.172917 0.308333 0.177083 0.308333 0.179167 0.306250 0.183333 0.306250 0.189583 0.312500 0.195833 0.312500 0.197917 0.314583 0.218750 0.314583 0.220833 0.312500 0.225000 0.312500 0.227083 0.310417 0.231250 0.310417 0.233333 0.308333 0.231250 0.310417 0.227083 0.310417 0.225000 0.312500 0.220833 0.312500 0.218750 0.314583 0.197917 0.314583 0.195833 0.312500 0.189583 0.312500 0.183333 0.306250 0.179167 0.306250 0.177083 0.308333 0.172917 0.308333 0.170833 0.306250 0.129167 0.306250 0.127083 0.308333 0.125000 0.308333 0.116667 0.300000 0.112500 0.300000 0.110417 0.297917 0.100000 0.297917 0.097917 0.295833 0.095833 0.295833
0 0.008333 0.252083 0.012500 0.252083 0.014583 0.254167 0.018750 0.254167 0.020833 0.256250 0.022917 0.256250 0.031250 0.264583 0.033333 0.264583 0.039583 0.270833 0.043750 0.270833 0.045833 0.272917 0.047917 0.272917 0.050000 0.275000 0.054167 0.275000 0.060417 0.281250 0.077083 0.281250 0.079167 0.283333 0.081250 0.283333 0.083333 0.285417 0.081250 0.283333 0.079167 0.283333 0.077083 0.281250 0.060417 0.281250 0.054167 0.275000 0.050000 0.275000 0.047917 0.272917 0.045833 0.272917 0.043750 0.270833 0.039583 0.270833 0.031250 0.262500 0.029167 0.262500 0.022917 0.256250 0.020833 0.256250 0.018750 0.254167 0.014583 0.254167 0.012500 0.252083
0 0.000000 0.247917 0.000000 0.250000 0.004167 0.250000 0.002083 0.250000