0 0.477083 0.897917 0.485417 0.906250 0.487500 0.906250 0.500000 0.918750 0.500000 0.920833 0.508333 0.929167 0.500000 0.920833 0.500000 0.918750 0.487500 0.906250 0.485417 0.906250
0 0.466667 0.885417 0.468750 0.887500 0.468750 0.889583 0.472917 0.893750 0.468750 0.889583 0.468750 0.887500
0 0.466667 0.862500 0.466667 0.868750 0.468750 0.870833 0.468750 0.872917 0.466667 0.875000 0.466667 0.881250 0.466667 0.877083 0.468750 0.875000 0.468750 0.870833 0.466667 0.868750
0 0.406250 0.714583 0.406250 0.733333 0.410417 0.737500 0.410417 0.743750 0.418750 0.752083 0.418750 0.756250 0.420833 0.758333 0.420833 0.779167 0.425000 0.783333 0.425000 0.787500 0.429167 0.791667 0.429167 0.793750 0.431250 0.795833 0.431250 0.797917 0.437500 0.804167 0.437500 0.806250 0.445833 0.814583 0.445833 0.816667 0.447917 0.818750 0.447917 0.827083 0.450000 0.829167 0.450000 0.835417 0.452083 0.837500 0.452083 0.841667 0.456250 0.845833 0.456250 0.847917 0.458333 0.850000 0.458333 0.854167 0.462500 0.858333 0.458333 0.854167 0.458333 0.850000 0.456250 0.847917 0.456250 0.845833 0.452083 0.841667 0.452083 0.837500 0.450000 0.835417 0.450000 0.829167 0.447917 0.827083 0.447917 0.818750 0.445833 0.816667 0.445833 0.812500 0.443750 0.812500 0.437500 0.806250 0.437500 0.804167 0.431250 0.797917 0.431250 0.795833 0.429167 0.793750 0.429167 0.791667 0.425000 0.787500 0.425000 0.783333 0.420833 0.779167 0.420833 0.758333 0.418750 0.756250 0.418750 0.750000 0.416667 0.750000 0.410417 0.743750 0.410417 0.737500 0.406250 0.733333
0 0.395833 0.693750 0.400000 0.697917 0.400000 0.702083 0.404167 0.706250 0.404167 0.710417 0.404167 0.706250 0.400000 0.702083 0.400000 0.697917
0 0.404167 0.558333 0.400000 0.562500 0.400000 0.566667 0.395833 0.570833 0.395833 0.572917 0.364583 0.604167 0.364583 0.606250 0.366667 0.608333 0.366667 0.618750 0.368750 0.620833 0.368750 0.633333 0.370833 0.635417 0.370833 0.637500 0.375000 0.641667 0.375000 0.647917 0.377083 0.650000 0.377083 0.652083 0.379167 0.654167 0.379167 0.656250 0.383333 0.660417 0.383333 0.664583 0.385417 0.666667 0.385417 0.668750 0.387500 0.670833 0.387500 0.675000 0.389583 0.677083 0.389583 0.685417 0.391667 0.687500 0.393750 0.687500 0.395833 0.689583 0.393750 0.687500 0.391667 0.687500 0.389583 0.685417 0.389583 0.677083 0.387500 0.675000 0.387500 0.670833 0.385417 0.668750 0.385417 0.666667 0.383333 0.664583 0.383333 0.660417 0.379167 0.656250 0.379167 0.654167 0.377083 0.652083 0.377083 0.650000 0.375000 0.647917 0.375000 0.641667 0.370833 0.637500 0.370833 0.635417 0.368750 0.633333 0.368750 0.620833 0.366667 0.618750 0.366667 0.608333 0.364583 0.606250 0.364583 0.604167 0.395833 0.572917 0.395833 0.570833 0.400000 0.566667 0.400000 0.562500
0 0.406250 0.487500 0.406250 0.497917 0.404167 0.500000 0.404167 0.502083 0.397917 0.508333 0.397917 0.512500 0.400000 0.514583 0.400000 0.518750 0.404167 0.522917 0.404167 0.525000 0.406250 0.527083 0.406250 0.554167 0.406250 0.527083 0.404167 0.525000 0.404167 0.522917 0.400000 0.518750 0.400000 0.514583 0.397917 0.512500 0.397917 0.508333 0.404167 0.502083 0.404167 0.500000 0.406250 0.497917
0 0.425000 0.429167 0.422917 0.431250 0.422917 0.435417 0.416667 0.441667 0.416667 0.447917 0.408333 0.456250 0.408333 0.458333 0.406250 0.460417 0.406250 0.466667 0.404167 0.468750 0.404167 0.472917 0.406250 0.475000 0.406250 0.481250 0.408333 0.483333 0.406250 0.481250 0.406250 0.475000 0.404167 0.472917 0.404167 0.470833 0.406250 0.468750 0.406250 0.460417 0.408333 0.458333 0.408333 0.456250 0.416667 0.447917 0.416667 0.441667 0.422917 0.435417 0.422917 0.431250
0 0.450000 0.368750 0.450000 0.372917 0.445833 0.377083 0.445833 0.383333 0.443750 0.385417 0.443750 0.389583 0.439583 0.393750 0.439583 0.406250 0.437500 0.408333 0.437500 0.410417 0.431250 0.416667 0.427083 0.412500 0.433333 0.418750 0.427083 0.425000 0.433333 0.418750 0.431250 0.416667 0.437500 0.410417 0.437500 0.408333 0.439583 0.406250 0.439583 0.393750 0.443750 0.389583 0.443750 0.385417 0.445833 0.383333 0.445833 0.377083 0.450000 0.372917
0 0.450000 0.260417 0.450000 0.277083 0.447917 0.279167 0.447917 0.283333 0.450000 0.285417 0.450000 0.291667 0.452083 0.293750 0.452083 0.297917 0.456250 0.302083 0.456250 0.306250 0.458333 0.308333 0.458333 0.333333 0.456250 0.335417 0.456250 0.341667 0.458333 0.343750 0.456250 0.345833 0.456250 0.350000 0.452083 0.354167 0.452083 0.364583 0.452083 0.354167 0.456250 0.350000 0.456250 0.345833 0.458333 0.343750 0.456250 0.341667 0.456250 0.335417 0.458333 0.333333 0.458333 0.308333 0.456250 0.306250 0.456250 0.302083 0.452083 0.297917 0.452083 0.293750 0.450000 0.291667 0.450000 0.285417 0.447917 0.283333 0.447917 0.279167 0.450000 0.277083
0 0.454167 0.250000 0.454167 0.252083 0.452083 0.254167 0.452083 0.256250 0.452083 0.254167 0.454167 0.252083
0 0.545833 0.127083 0.533333 0.139583 0.533333 0.141667 0.531250 0.143750 0.531250 0.147917 0.529167 0.150000 0.529167 0.152083 0.525000 0.156250 0.522917 0.156250 0.520833 0.158333 0.520833 0.162500 0.518750 0.164583 0.518750 0.172917 0.514583 0.177083 0.514583 0.181250 0.508333 0.187500 0.506250 0.187500 0.502083 0.191667 0.502083 0.193750 0.500000 0.195833 0.500000 0.204167 0.491667 0.212500 0.491667 0.214583 0.487500 0.218750 0.485417 0.218750 0.483333 0.220833 0.483333 0.222917 0.468750 0.237500 0.468750 0.239583 0.458333 0.250000 0.468750 0.239583 0.468750 0.237500 0.483333 0.222917 0.483333 0.220833 0.485417 0.218750 0.487500 0.218750 0.491667 0.214583 0.491667 0.212500 0.500000 0.204167 0.500000 0.195833 0.502083 0.193750 0.502083 0.191667 0.506250 0.187500 0.508333 0.187500 0.514583 0.181250 0.514583 0.177083 0.518750 0.172917 0.518750 0.164583 0.520833 0.162500 0.520833 0.158333 0.522917 0.156250 0.525000 0.156250 0.529167 0.152083 0.529167 0.150000 0.531250 0.147917 0.531250 0.143750 0.533333 0.141667 0.533333 0.139583
0 0.575000 0.010417 0.577083 0.012500 0.575000 0.014583 0.575000 0.029167 0.568750 0.035417 0.568750 0.043750 0.562500 0.050000 0.568750 0.056250 0.568750 0.079167 0.566667 0.081250 0.566667 0.083333 0.564583 0.085417 0.564583 0.087500 0.562500 0.089583 0.562500 0.095833 0.556250 0.102083 0.556250 0.108333 0.554167 0.110417 0.554167 0.112500 0.552083 0.114583 0.552083 0.116667 0.550000 0.118750 0.550000 0.125000 0.550000 0.118750 0.552083 0.116667 0.552083 0.114583 0.554167 0.112500 0.554167 0.110417 0.556250 0.108333 0.556250 0.102083 0.562500 0.095833 0.562500 0.089583 0.564583 0.087500 0.564583 0.085417 0.566667 0.083333 0.566667 0.081250 0.568750 0.079167 0.568750 0.056250 0.562500 0.050000 0.568750 0.043750 0.568750 0.035417 0.572917 0.031250 0.575000 0.031250 0.575000 0.014583 0.577083 0.012500