0 0.777083 0.770833 0.781250 0.775000 0.781250 0.777083 0.785417 0.781250 0.787500 0.781250 0.812500 0.806250 0.812500 0.808333 0.816667 0.812500 0.818750 0.812500 0.843750 0.837500 0.843750 0.839583 0.847917 0.843750 0.850000 0.843750 0.868750 0.862500 0.868750 0.864583 0.875000 0.870833 0.875000 0.872917 0.875000 0.870833 0.868750 0.864583 0.868750 0.862500 0.850000 0.843750 0.847917 0.843750 0.843750 0.839583 0.843750 0.837500 0.818750 0.812500 0.816667 0.812500 0.812500 0.808333 0.812500 0.806250 0.787500 0.781250 0.785417 0.781250 0.781250 0.777083 0.781250 0.775000
0 0.697917 0.691667 0.718750 0.712500 0.718750 0.714583 0.722917 0.718750 0.725000 0.718750 0.750000 0.743750 0.750000 0.745833 0.754167 0.750000 0.756250 0.750000 0.754167 0.750000 0.750000 0.745833 0.750000 0.743750 0.725000 0.718750 0.722917 0.718750 0.718750 0.714583 0.718750 0.712500
0 0.689583 0.685417 0.691667 0.687500 0.693750 0.687500 0.691667 0.687500
0 0.558333 0.445833 0.558333 0.447917 0.562500 0.452083 0.562500 0.454167 0.577083 0.468750 0.579167 0.468750 0.593750 0.483333 0.593750 0.485417 0.602083 0.493750 0.602083 0.495833 0.606250 0.500000 0.608333 0.500000 0.614583 0.506250 0.614583 0.512500 0.618750 0.516667 0.618750 0.518750 0.620833 0.520833 0.620833 0.522917 0.616667 0.527083 0.616667 0.529167 0.618750 0.531250 0.618750 0.533333 0.620833 0.535417 0.620833 0.537500 0.622917 0.539583 0.622917 0.541667 0.625000 0.543750 0.625000 0.550000 0.627083 0.552083 0.627083 0.554167 0.629167 0.556250 0.629167 0.558333 0.631250 0.560417 0.631250 0.564583 0.633333 0.566667 0.633333 0.568750 0.656250 0.591667 0.656250 0.593750 0.681250 0.618750 0.681250 0.629167 0.662500 0.647917 0.662500 0.656250 0.664583 0.656250 0.668750 0.660417 0.668750 0.662500 0.670833 0.664583 0.668750 0.662500 0.668750 0.660417 0.662500 0.654167 0.662500 0.647917 0.681250 0.629167 0.681250 0.618750 0.656250 0.593750 0.656250 0.591667 0.633333 0.568750 0.633333 0.566667 0.631250 0.564583 0.631250 0.560417 0.629167 0.558333 0.629167 0.556250 0.627083 0.554167 0.627083 0.552083 0.625000 0.550000 0.625000 0.543750 0.622917 0.541667 0.622917 0.539583 0.620833 0.537500 0.620833 0.535417 0.618750 0.533333 0.618750 0.531250 0.616667 0.529167 0.616667 0.527083 0.620833 0.522917 0.620833 0.520833 0.618750 0.518750 0.618750 0.516667 0.614583 0.512500 0.614583 0.506250 0.608333 0.500000 0.606250 0.500000 0.602083 0.495833 0.602083 0.493750 0.593750 0.485417 0.593750 0.483333 0.579167 0.468750 0.577083 0.468750 0.562500 0.454167 0.562500 0.452083 0.558333 0.447917
0 0.818750 0.422917 0.816667 0.425000 0.812500 0.425000 0.808333 0.429167 0.806250 0.429167 0.800000 0.435417 0.793750 0.435417 0.800000 0.435417 0.806250 0.429167 0.808333 0.429167 0.812500 0.425000 0.816667 0.425000 0.818750 0.422917 0.839583 0.422917 0.847917 0.431250 0.868750 0.431250 0.870833 0.433333 0.872917 0.433333 0.875000 0.435417 0.875000 0.437500 0.904167 0.437500 0.906250 0.439583 0.914583 0.439583 0.916667 0.437500 0.937500 0.437500 0.939583 0.435417 0.941667 0.435417 0.943750 0.433333 0.950000 0.433333 0.952083 0.431250 0.960417 0.431250 0.964583 0.427083 0.966667 0.427083 0.968750 0.425000 0.977083 0.425000 0.981250 0.429167 0.985417 0.429167 0.991667 0.435417 0.993750 0.435417 0.991667 0.435417 0.985417 0.429167 0.981250 0.429167 0.977083 0.425000 0.968750 0.425000 0.966667 0.427083 0.964583 0.427083 0.960417 0.431250 0.952083 0.431250 0.950000 0.433333 0.943750 0.433333 0.941667 0.435417 0.937500 0.435417 0.935417 0.437500 0.916667 0.437500 0.914583 0.439583 0.906250 0.439583 0.904167 0.437500 0.877083 0.437500 0.872917 0.433333 0.870833 0.433333 0.868750 0.431250 0.847917 0.431250 0.839583 0.422917
0 0.668750 0.418750 0.681250 0.418750 0.683333 0.420833 0.685417 0.420833 0.687500 0.422917 0.689583 0.422917 0.691667 0.420833 0.693750 0.420833 0.695833 0.418750 0.712500 0.418750 0.714583 0.420833 0.718750 0.420833 0.720833 0.422917 0.722917 0.422917 0.725000 0.425000 0.731250 0.425000 0.737500 0.431250 0.747917 0.431250 0.752083 0.435417 0.756250 0.435417 0.758333 0.437500 0.789583 0.437500 0.758333 0.437500 0.756250 0.435417 0.752083 0.435417 0.750000 0.433333 0.750000 0.431250 0.737500 0.431250 0.731250 0.425000 0.725000 0.425000 0.722917 0.422917 0.720833 0.422917 0.718750 0.420833 0.714583 0.420833 0.712500 0.418750 0.695833 0.418750 0.693750 0.420833 0.691667 0.420833 0.689583 0.422917 0.687500 0.422917 0.685417 0.420833 0.683333 0.420833 0.681250 0.418750
0 0.645833 0.418750 0.647917 0.418750 0.650000 0.420833 0.664583 0.420833 0.650000 0.420833 0.647917 0.418750
0 0.597917 0.410417 0.604167 0.410417 0.608333 0.414583 0.614583 0.414583 0.616667 0.412500 0.631250 0.412500 0.633333 0.414583 0.637500 0.414583 0.639583 0.416667 0.641667 0.416667 0.639583 0.416667 0.637500 0.414583 0.633333 0.414583 0.631250 0.412500 0.627083 0.412500 0.625000 0.410417 0.622917 0.412500 0.616667 0.412500 0.614583 0.414583 0.608333 0.414583 0.604167 0.410417
0 0.547917 0.410417 0.550000 0.412500 0.550000 0.418750 0.552083 0.420833 0.552083 0.422917 0.554167 0.425000 0.554167 0.429167 0.552083 0.431250 0.554167 0.433333 0.554167 0.435417 0.556250 0.437500 0.556250 0.441667 0.556250 0.437500 0.554167 0.435417 0.554167 0.433333 0.552083 0.431250 0.554167 0.429167 0.554167 0.425000 0.552083 0.422917 0.552083 0.420833 0.550000 0.418750 0.550000 0.412500
0 0.512500 0.395833 0.510417 0.397917 0.508333 0.397917 0.506250 0.400000 0.502083 0.400000 0.497917 0.404167 0.495833 0.404167 0.493750 0.406250 0.491667 0.406250 0.489583 0.408333 0.485417 0.408333 0.483333 0.410417 0.475000 0.410417 0.472917 0.412500 0.468750 0.412500 0.460417 0.420833 0.458333 0.420833 0.456250 0.422917 0.458333 0.420833 0.460417 0.420833 0.466667 0.414583 0.468750 0.414583 0.470833 0.412500 0.472917 0.412500 0.475000 0.410417 0.483333 0.410417 0.485417 0.408333 0.489583 0.408333 0.491667 0.406250 0.493750 0.406250 0.495833 0.404167 0.500000 0.404167 0.500000 0.402083 0.502083 0.400000 0.506250 0.400000 0.508333 0.397917 0.510417 0.397917 0.512500 0.395833 0.535417 0.395833 0.537500 0.397917 0.539583 0.397917 0.541667 0.400000 0.545833 0.400000 0.547917 0.402083 0.545833 0.404167 0.545833 0.406250 0.545833 0.404167 0.550000 0.400000 0.552083 0.400000 0.554167 0.397917 0.560417 0.397917 0.564583 0.402083 0.568750 0.402083 0.570833 0.404167 0.575000 0.404167 0.577083 0.406250 0.579167 0.406250 0.581250 0.408333 0.583333 0.408333 0.585417 0.410417 0.587500 0.410417 0.589583 0.412500 0.591667 0.412500 0.593750 0.410417 0.591667 0.412500 0.589583 0.412500 0.587500 0.410417 0.585417 0.410417 0.583333 0.408333 0.581250 0.408333 0.579167 0.406250 0.577083 0.406250 0.575000 0.404167 0.570833 0.404167 0.568750 0.402083 0.564583 0.402083 0.562500 0.400000 0.562500 0.397917 0.554167 0.397917 0.552083 0.400000 0.541667 0.400000 0.539583 0.397917 0.537500 0.397917 0.535417 0.395833
0 0.000000 0.395833 0.002083 0.397917 0.006250 0.397917 0.008333 0.400000 0.012500 0.400000 0.014583 0.397917 0.035417 0.397917 0.037500 0.400000 0.043750 0.400000 0.045833 0.402083 0.050000 0.402083 0.052083 0.404167 0.056250 0.404167 0.058333 0.406250 0.093750 0.406250 0.097917 0.410417 0.112500 0.410417 0.114583 0.408333 0.116667 0.408333 0.118750 0.406250 0.116667 0.408333 0.114583 0.408333 0.112500 0.410417 0.097917 0.410417 0.093750 0.406250 0.058333 0.406250 0.056250 0.404167 0.052083 0.404167 0.050000 0.402083 0.045833 0.402083 0.043750 0.400000 0.037500 0.400000 0.035417 0.397917 0.014583 0.397917 0.012500 0.400000 0.008333 0.400000 0.006250 0.397917 0.002083 0.397917
0 0.289583 0.389583 0.281250 0.397917 0.275000 0.397917 0.272917 0.400000 0.266667 0.400000 0.264583 0.397917 0.262500 0.400000 0.250000 0.400000 0.247917 0.402083 0.241667 0.402083 0.239583 0.404167 0.222917 0.404167 0.220833 0.406250 0.210417 0.406250 0.208333 0.404167 0.206250 0.404167 0.204167 0.406250 0.187500 0.406250 0.185417 0.404167 0.183333 0.404167 0.181250 0.402083 0.172917 0.402083 0.170833 0.400000 0.162500 0.400000 0.160417 0.397917 0.158333 0.397917 0.156250 0.395833 0.154167 0.397917 0.141667 0.397917 0.139583 0.395833 0.137500 0.397917 0.135417 0.397917 0.133333 0.400000 0.129167 0.400000 0.122917 0.406250 0.125000 0.406250 0.125000 0.404167 0.129167 0.400000 0.133333 0.400000 0.135417 0.397917 0.137500 0.397917 0.139583 0.395833 0.141667 0.397917 0.154167 0.397917 0.156250 0.395833 0.158333 0.397917 0.160417 0.397917 0.162500 0.400000 0.170833 0.400000 0.172917 0.402083 0.181250 0.402083 0.183333 0.404167 0.185417 0.404167 0.187500 0.406250 0.204167 0.406250 0.206250 0.404167 0.208333 0.404167 0.210417 0.406250 0.220833 0.406250 0.222917 0.404167 0.239583 0.404167 0.241667 0.402083 0.247917 0.402083 0.250000 0.400000 0.262500 0.400000 0.264583 0.397917 0.266667 0.400000 0.272917 0.400000 0.275000 0.397917 0.281250 0.397917 0.289583 0.389583 0.302083 0.389583 0.304167 0.391667 0.308333 0.391667 0.310417 0.393750 0.314583 0.393750 0.316667 0.395833 0.327083 0.395833 0.329167 0.397917 0.331250 0.397917 0.333333 0.400000 0.335417 0.400000 0.337500 0.402083 0.341667 0.402083 0.343750 0.404167 0.345833 0.404167 0.350000 0.400000 0.352083 0.400000 0.356250 0.404167 0.358333 0.404167 0.360417 0.406250 0.362500 0.406250 0.366667 0.410417 0.372917 0.410417 0.375000 0.408333 0.377083 0.408333 0.379167 0.406250 0.385417 0.406250 0.387500 0.408333 0.395833 0.408333 0.397917 0.410417 0.400000 0.410417 0.402083 0.412500 0.412500 0.412500 0.414583 0.414583 0.422917 0.414583 0.427083 0.418750 0.429167 0.418750 0.431250 0.420833 0.435417 0.420833 0.437500 0.422917 0.439583 0.422917 0.441667 0.425000 0.452083 0.425000 0.441667 0.425000 0.439583 0.422917 0.437500 0.422917 0.435417 0.420833 0.431250 0.420833 0.429167 0.418750 0.427083 0.418750 0.422917 0.414583 0.414583 0.414583 0.412500 0.412500 0.402083 0.412500 0.400000 0.410417 0.397917 0.410417 0.395833 0.408333 0.387500 0.408333 0.385417 0.406250 0.379167 0.406250 0.377083 0.408333 0.375000 0.408333 0.372917 0.410417 0.366667 0.410417 0.362500 0.406250 0.360417 0.406250 0.358333 0.404167 0.356250 0.404167 0.352083 0.400000 0.350000 0.400000 0.345833 0.404167 0.343750 0.404167 0.341667 0.402083 0.337500 0.402083 0.335417 0.400000 0.333333 0.400000 0.331250 0.397917 0.329167 0.397917 0.327083 0.395833 0.316667 0.395833 0.314583 0.393750 0.310417 0.393750 0.308333 0.391667 0.304167 0.391667 0.302083 0.389583