0 0.345833 0.975000 0.343750 0.977083 0.343750 0.985417 0.343750 0.977083
0 0.325000 0.885417 0.325000 0.887500 0.322917 0.889583 0.322917 0.895833 0.325000 0.897917 0.325000 0.904167 0.327083 0.906250 0.327083 0.922917 0.329167 0.925000 0.329167 0.935417 0.335417 0.941667 0.335417 0.952083 0.337500 0.954167 0.337500 0.958333 0.339583 0.960417 0.339583 0.962500 0.343750 0.966667 0.343750 0.968750 0.345833 0.970833 0.345833 0.968750 0.339583 0.962500 0.339583 0.960417 0.337500 0.958333 0.337500 0.954167 0.335417 0.952083 0.335417 0.941667 0.329167 0.935417 0.329167 0.925000 0.327083 0.922917 0.327083 0.906250 0.325000 0.904167 0.325000 0.897917 0.322917 0.895833 0.322917 0.889583 0.325000 0.887500
0 0.331250 0.841667 0.331250 0.843750 0.333333 0.845833 0.333333 0.847917 0.327083 0.854167 0.327083 0.860417 0.329167 0.862500 0.329167 0.866667 0.331250 0.868750 0.331250 0.872917 0.329167 0.875000 0.331250 0.872917 0.331250 0.868750 0.329167 0.866667 0.329167 0.862500 0.327083 0.860417 0.327083 0.854167 0.333333 0.847917 0.333333 0.843750
0 0.325000 0.770833 0.325000 0.772917 0.331250 0.779167 0.331250 0.785417 0.335417 0.789583 0.335417 0.800000 0.331250 0.804167 0.331250 0.806250 0.329167 0.808333 0.329167 0.831250 0.331250 0.833333 0.331250 0.837500 0.331250 0.833333 0.329167 0.831250 0.329167 0.808333 0.331250 0.806250 0.331250 0.804167 0.335417 0.800000 0.335417 0.789583 0.331250 0.785417 0.331250 0.779167 0.325000 0.772917
0 0.291667 0.685417 0.295833 0.689583 0.295833 0.702083 0.297917 0.704167 0.297917 0.706250 0.300000 0.708333 0.300000 0.712500 0.302083 0.714583 0.302083 0.716667 0.306250 0.720833 0.306250 0.722917 0.308333 0.725000 0.308333 0.727083 0.310417 0.729167 0.310417 0.731250 0.312500 0.733333 0.312500 0.735417 0.318750 0.741667 0.318750 0.747917 0.316667 0.750000 0.316667 0.752083 0.320833 0.756250 0.320833 0.762500 0.320833 0.756250 0.316667 0.752083 0.316667 0.750000 0.318750 0.747917 0.318750 0.741667 0.312500 0.735417 0.312500 0.733333 0.310417 0.731250 0.310417 0.729167 0.308333 0.727083 0.308333 0.725000 0.306250 0.722917 0.306250 0.720833 0.302083 0.716667 0.302083 0.714583 0.300000 0.712500 0.300000 0.708333 0.297917 0.706250 0.297917 0.704167 0.295833 0.702083 0.295833 0.689583
0 0.270833 0.622917 0.277083 0.629167 0.277083 0.633333 0.279167 0.635417 0.279167 0.637500 0.281250 0.639583 0.281250 0.658333 0.283333 0.660417 0.283333 0.664583 0.289583 0.670833 0.289583 0.675000 0.291667 0.677083 0.291667 0.681250 0.291667 0.677083 0.289583 0.675000 0.289583 0.670833 0.283333 0.664583 0.283333 0.660417 0.281250 0.658333 0.281250 0.639583 0.279167 0.637500 0.279167 0.635417 0.277083 0.633333 0.277083 0.629167
0 0.266667 0.593750 0.266667 0.595833 0.264583 0.597917 0.264583 0.612500 0.266667 0.614583 0.266667 0.616667 0.268750 0.618750 0.266667 0.616667 0.266667 0.614583 0.264583 0.612500 0.264583 0.597917 0.266667 0.595833
0 0.256250 0.575000 0.268750 0.587500 0.268750 0.589583 0.268750 0.587500
0 0.268750 0.418750 0.268750 0.441667 0.270833 0.443750 0.270833 0.456250 0.272917 0.458333 0.272917 0.462500 0.275000 0.464583 0.275000 0.472917 0.277083 0.475000 0.277083 0.485417 0.268750 0.493750 0.268750 0.497917 0.266667 0.500000 0.264583 0.500000 0.262500 0.502083 0.262500 0.506250 0.258333 0.510417 0.258333 0.518750 0.256250 0.520833 0.256250 0.525000 0.254167 0.527083 0.254167 0.535417 0.252083 0.537500 0.252083 0.543750 0.250000 0.545833 0.250000 0.564583 0.252083 0.566667 0.252083 0.570833 0.252083 0.566667 0.250000 0.564583 0.250000 0.545833 0.252083 0.543750 0.252083 0.537500 0.254167 0.535417 0.254167 0.527083 0.256250 0.525000 0.256250 0.520833 0.258333 0.518750 0.258333 0.510417 0.262500 0.506250 0.262500 0.502083 0.264583 0.500000 0.266667 0.500000 0.268750 0.497917 0.268750 0.493750 0.277083 0.485417 0.277083 0.475000 0.275000 0.472917 0.275000 0.464583 0.272917 0.462500 0.272917 0.458333 0.270833 0.456250 0.270833 0.443750 0.268750 0.441667
0 0.260417 0.341667 0.262500 0.343750 0.262500 0.356250 0.258333 0.360417 0.258333 0.364583 0.260417 0.366667 0.260417 0.368750 0.264583 0.372917 0.264583 0.375000 0.266667 0.375000 0.268750 0.377083 0.268750 0.381250 0.270833 0.383333 0.270833 0.387500 0.272917 0.389583 0.272917 0.397917 0.275000 0.400000 0.275000 0.404167 0.272917 0.406250 0.270833 0.406250 0.270833 0.410417 0.268750 0.412500 0.268750 0.414583 0.268750 0.412500 0.270833 0.410417 0.270833 0.408333 0.275000 0.404167 0.275000 0.400000 0.272917 0.397917 0.272917 0.389583 0.270833 0.387500 0.270833 0.383333 0.268750 0.381250 0.268750 0.377083 0.260417 0.368750 0.260417 0.366667 0.258333 0.364583 0.258333 0.360417 0.262500 0.356250 0.262500 0.343750
0 0.264583 0.322917 0.264583 0.325000 0.262500 0.327083 0.262500 0.331250 0.260417 0.333333 0.260417 0.337500 0.260417 0.333333 0.262500 0.331250 0.262500 0.327083 0.264583 0.325000
0 0.295833 0.104167 0.295833 0.118750 0.302083 0.125000 0.302083 0.131250 0.300000 0.133333 0.300000 0.137500 0.297917 0.139583 0.297917 0.141667 0.300000 0.143750 0.300000 0.154167 0.297917 0.156250 0.297917 0.162500 0.295833 0.164583 0.295833 0.168750 0.293750 0.170833 0.293750 0.172917 0.291667 0.175000 0.291667 0.185417 0.289583 0.187500 0.289583 0.200000 0.291667 0.202083 0.291667 0.212500 0.283333 0.220833 0.283333 0.225000 0.281250 0.227083 0.281250 0.231250 0.279167 0.233333 0.279167 0.235417 0.275000 0.239583 0.275000 0.247917 0.270833 0.252083 0.270833 0.254167 0.268750 0.256250 0.268750 0.266667 0.264583 0.270833 0.264583 0.279167 0.258333 0.285417 0.258333 0.289583 0.256250 0.291667 0.256250 0.293750 0.258333 0.295833 0.258333 0.297917 0.260417 0.300000 0.260417 0.302083 0.262500 0.304167 0.262500 0.316667 0.262500 0.304167 0.260417 0.302083 0.260417 0.300000 0.258333 0.297917 0.258333 0.295833 0.256250 0.293750 0.256250 0.291667 0.258333 0.289583 0.258333 0.285417 0.262500 0.281250 0.264583 0.281250 0.264583 0.270833 0.268750 0.266667 0.268750 0.256250 0.270833 0.254167 0.270833 0.252083 0.272917 0.250000 0.275000 0.250000 0.275000 0.239583 0.279167 0.235417 0.279167 0.233333 0.281250 0.231250 0.281250 0.227083 0.283333 0.225000 0.283333 0.220833 0.291667 0.212500 0.291667 0.202083 0.289583 0.200000 0.289583 0.187500 0.291667 0.185417 0.291667 0.175000 0.293750 0.172917 0.293750 0.170833 0.295833 0.168750 0.295833 0.164583 0.297917 0.162500 0.297917 0.156250 0.300000 0.154167 0.300000 0.143750 0.297917 0.141667 0.297917 0.139583 0.300000 0.137500 0.300000 0.133333 0.302083 0.131250 0.302083 0.125000 0.295833 0.118750
0 0.283333 0.010417 0.285417 0.012500 0.285417 0.029167 0.287500 0.031250 0.287500 0.033333 0.289583 0.035417 0.289583 0.039583 0.291667 0.041667 0.291667 0.045833 0.289583 0.047917 0.289583 0.058333 0.293750 0.062500 0.293750 0.070833 0.295833 0.072917 0.295833 0.083333 0.295833 0.072917 0.293750 0.070833 0.293750 0.062500 0.289583 0.058333 0.289583 0.047917 0.291667 0.045833 0.291667 0.041667 0.289583 0.039583 0.289583 0.035417 0.287500 0.033333 0.287500 0.031250 0.285417 0.029167 0.285417 0.012500