0 0.045833 0.914583 0.043750 0.916667 0.045833 0.914583 0.054167 0.914583 0.056250 0.916667 0.054167 0.914583
0 0.000000 0.910417 0.004167 0.914583 0.014583 0.914583 0.016667 0.916667 0.018750 0.916667 0.020833 0.918750 0.025000 0.918750 0.027083 0.920833 0.029167 0.920833 0.031250 0.918750 0.033333 0.918750 0.035417 0.916667 0.039583 0.916667 0.035417 0.916667 0.033333 0.918750 0.031250 0.918750 0.029167 0.920833 0.027083 0.920833 0.025000 0.918750 0.020833 0.918750 0.018750 0.916667 0.016667 0.916667 0.014583 0.914583 0.004167 0.914583
0 0.250000 0.897917 0.247917 0.900000 0.241667 0.900000 0.239583 0.902083 0.225000 0.902083 0.220833 0.906250 0.216667 0.906250 0.214583 0.908333 0.204167 0.908333 0.202083 0.910417 0.200000 0.908333 0.189583 0.908333 0.185417 0.912500 0.170833 0.912500 0.168750 0.910417 0.154167 0.910417 0.152083 0.912500 0.145833 0.912500 0.143750 0.910417 0.137500 0.910417 0.135417 0.908333 0.133333 0.908333 0.131250 0.906250 0.125000 0.906250 0.122917 0.908333 0.108333 0.908333 0.106250 0.910417 0.093750 0.910417 0.091667 0.912500 0.085417 0.912500 0.083333 0.914583 0.062500 0.914583 0.060417 0.916667 0.062500 0.914583 0.083333 0.914583 0.085417 0.912500 0.091667 0.912500 0.093750 0.910417 0.106250 0.910417 0.108333 0.908333 0.122917 0.908333 0.125000 0.906250 0.131250 0.906250 0.133333 0.908333 0.135417 0.908333 0.137500 0.910417 0.143750 0.910417 0.145833 0.912500 0.152083 0.912500 0.154167 0.910417 0.168750 0.910417 0.170833 0.912500 0.185417 0.912500 0.189583 0.908333 0.200000 0.908333 0.202083 0.910417 0.204167 0.908333 0.214583 0.908333 0.216667 0.906250 0.220833 0.906250 0.225000 0.902083 0.239583 0.902083 0.241667 0.900000 0.247917 0.900000
0 0.347917 0.885417 0.345833 0.887500 0.327083 0.887500 0.325000 0.889583 0.318750 0.889583 0.316667 0.887500 0.310417 0.887500 0.308333 0.889583 0.306250 0.889583 0.302083 0.893750 0.268750 0.893750 0.266667 0.895833 0.262500 0.895833 0.260417 0.897917 0.254167 0.897917 0.260417 0.897917 0.262500 0.895833 0.266667 0.895833 0.268750 0.893750 0.302083 0.893750 0.306250 0.889583 0.308333 0.889583 0.310417 0.887500 0.316667 0.887500 0.318750 0.889583 0.325000 0.889583 0.327083 0.887500 0.345833 0.887500 0.347917 0.885417 0.352083 0.885417
0 0.497917 0.868750 0.491667 0.875000 0.487500 0.875000 0.491667 0.875000 0.497917 0.868750 0.512500 0.868750 0.514583 0.870833 0.518750 0.870833 0.520833 0.868750 0.525000 0.868750 0.520833 0.868750 0.518750 0.870833 0.514583 0.870833 0.512500 0.868750
0 0.456250 0.868750 0.454167 0.870833 0.452083 0.870833 0.450000 0.872917 0.447917 0.872917 0.445833 0.875000 0.441667 0.875000 0.437500 0.870833 0.435417 0.870833 0.431250 0.875000 0.429167 0.872917 0.420833 0.872917 0.418750 0.875000 0.412500 0.875000 0.410417 0.877083 0.408333 0.877083 0.406250 0.879167 0.406250 0.881250 0.404167 0.883333 0.402083 0.883333 0.400000 0.881250 0.389583 0.881250 0.387500 0.879167 0.383333 0.879167 0.381250 0.877083 0.375000 0.877083 0.372917 0.879167 0.368750 0.879167 0.366667 0.881250 0.364583 0.881250 0.362500 0.883333 0.358333 0.883333 0.356250 0.885417 0.358333 0.883333 0.362500 0.883333 0.364583 0.881250 0.366667 0.881250 0.368750 0.879167 0.372917 0.879167 0.375000 0.877083 0.381250 0.877083 0.383333 0.879167 0.387500 0.879167 0.389583 0.881250 0.400000 0.881250 0.402083 0.883333 0.404167 0.883333 0.406250 0.881250 0.406250 0.879167 0.408333 0.877083 0.410417 0.877083 0.412500 0.875000 0.418750 0.875000 0.420833 0.872917 0.429167 0.872917 0.431250 0.875000 0.435417 0.870833 0.437500 0.872917 0.439583 0.872917 0.441667 0.875000 0.445833 0.875000 0.447917 0.872917 0.450000 0.872917 0.452083 0.870833 0.454167 0.870833 0.456250 0.868750 0.466667 0.868750 0.470833 0.872917 0.472917 0.872917 0.475000 0.875000 0.483333 0.875000 0.475000 0.875000 0.472917 0.872917 0.470833 0.872917 0.468750 0.870833 0.468750 0.868750
0 0.558333 0.854167 0.556250 0.856250 0.545833 0.856250 0.539583 0.862500 0.537500 0.862500 0.533333 0.866667 0.531250 0.866667 0.529167 0.868750 0.531250 0.868750 0.537500 0.862500 0.539583 0.862500 0.545833 0.856250 0.556250 0.856250 0.558333 0.854167 0.560417 0.854167 0.562500 0.856250 0.579167 0.856250 0.581250 0.858333 0.583333 0.858333 0.585417 0.856250 0.583333 0.858333 0.581250 0.858333 0.579167 0.856250 0.562500 0.856250 0.560417 0.854167
0 0.952083 0.841667 0.954167 0.843750 0.956250 0.843750 0.960417 0.847917 0.960417 0.872917 0.962500 0.875000 0.964583 0.875000 0.966667 0.877083 0.966667 0.881250 0.968750 0.883333 0.968750 0.895833 0.970833 0.897917 0.970833 0.902083 0.975000 0.906250 0.977083 0.906250 0.981250 0.910417 0.981250 0.912500 0.993750 0.925000 0.981250 0.912500 0.981250 0.910417 0.977083 0.906250 0.975000 0.906250 0.970833 0.902083 0.970833 0.897917 0.968750 0.895833 0.968750 0.883333 0.966667 0.881250 0.966667 0.877083 0.964583 0.875000 0.962500 0.875000 0.960417 0.872917 0.960417 0.847917 0.956250 0.843750 0.954167 0.843750
0 0.937500 0.820833 0.937500 0.825000 0.947917 0.835417 0.937500 0.825000
0 0.672917 0.793750 0.654167 0.812500 0.652083 0.812500 0.620833 0.843750 0.618750 0.843750 0.610417 0.852083 0.608333 0.852083 0.606250 0.854167 0.602083 0.854167 0.600000 0.856250 0.593750 0.856250 0.591667 0.854167 0.593750 0.856250 0.600000 0.856250 0.602083 0.854167 0.606250 0.854167 0.608333 0.852083 0.610417 0.852083 0.618750 0.843750 0.620833 0.843750 0.622917 0.841667 0.625000 0.841667 0.625000 0.839583 0.652083 0.812500 0.656250 0.812500 0.656250 0.810417 0.672917 0.793750 0.675000 0.793750
0 0.920833 0.772917 0.920833 0.785417 0.922917 0.787500 0.922917 0.791667 0.925000 0.793750 0.925000 0.802083 0.927083 0.804167 0.927083 0.806250 0.929167 0.808333 0.929167 0.810417 0.931250 0.812500 0.933333 0.812500 0.935417 0.814583 0.935417 0.816667 0.935417 0.814583 0.933333 0.812500 0.931250 0.812500 0.929167 0.810417 0.929167 0.808333 0.927083 0.806250 0.927083 0.804167 0.925000 0.802083 0.925000 0.793750 0.922917 0.791667 0.922917 0.787500 0.920833 0.785417
0 0.812500 0.716667 0.810417 0.718750 0.806250 0.718750 0.785417 0.739583 0.783333 0.739583 0.781250 0.741667 0.764583 0.741667 0.758333 0.747917 0.756250 0.747917 0.754167 0.750000 0.747917 0.750000 0.745833 0.752083 0.741667 0.752083 0.729167 0.764583 0.727083 0.764583 0.722917 0.768750 0.720833 0.768750 0.716667 0.772917 0.700000 0.772917 0.697917 0.775000 0.695833 0.775000 0.689583 0.781250 0.687500 0.781250 0.687500 0.783333 0.679167 0.791667 0.695833 0.775000 0.697917 0.775000 0.700000 0.772917 0.718750 0.772917 0.718750 0.770833 0.720833 0.768750 0.722917 0.768750 0.727083 0.764583 0.729167 0.764583 0.741667 0.752083 0.745833 0.752083 0.747917 0.750000 0.754167 0.750000 0.756250 0.747917 0.758333 0.747917 0.764583 0.741667 0.781250 0.741667 0.783333 0.739583 0.785417 0.739583 0.806250 0.718750 0.812500 0.718750 0.814583 0.716667 0.818750 0.716667
0 0.875000 0.712500 0.881250 0.718750 0.883333 0.718750 0.887500 0.722917 0.887500 0.727083 0.904167 0.743750 0.904167 0.745833 0.906250 0.747917 0.906250 0.750000 0.910417 0.754167 0.910417 0.756250 0.912500 0.758333 0.912500 0.760417 0.916667 0.764583 0.912500 0.760417 0.912500 0.758333 0.910417 0.756250 0.910417 0.754167 0.906250 0.750000 0.906250 0.747917 0.904167 0.745833 0.904167 0.743750 0.887500 0.727083 0.887500 0.722917 0.883333 0.718750 0.881250 0.718750
0 0.825000 0.666667 0.825000 0.668750 0.822917 0.670833 0.822917 0.672917 0.814583 0.681250 0.822917 0.672917 0.822917 0.670833 0.825000 0.668750
0 0.833333 0.647917 0.831250 0.650000 0.829167 0.650000 0.827083 0.652083 0.827083 0.662500 0.827083 0.652083 0.829167 0.650000 0.831250 0.650000 0.837500 0.656250 0.839583 0.656250 0.841667 0.658333 0.841667 0.660417 0.843750 0.662500 0.843750 0.664583 0.845833 0.666667 0.845833 0.679167 0.850000 0.683333 0.850000 0.685417 0.847917 0.687500 0.847917 0.689583 0.852083 0.693750 0.847917 0.697917 0.845833 0.697917 0.845833 0.700000 0.843750 0.702083 0.843750 0.704167 0.837500 0.710417 0.833333 0.710417 0.831250 0.712500 0.827083 0.712500 0.825000 0.714583 0.822917 0.714583 0.825000 0.714583 0.827083 0.712500 0.831250 0.712500 0.833333 0.710417 0.837500 0.710417 0.843750 0.704167 0.843750 0.702083 0.845833 0.700000 0.850000 0.700000 0.854167 0.695833 0.856250 0.697917 0.858333 0.695833 0.864583 0.702083 0.866667 0.702083 0.872917 0.708333 0.866667 0.702083 0.864583 0.702083 0.858333 0.695833 0.856250 0.697917 0.847917 0.689583 0.850000 0.687500 0.850000 0.683333 0.845833 0.679167 0.845833 0.666667 0.843750 0.664583 0.843750 0.662500 0.841667 0.660417 0.841667 0.658333 0.839583 0.656250 0.837500 0.656250 0.831250 0.650000
0 0.827083 0.622917 0.831250 0.627083 0.831250 0.643750 0.829167 0.645833 0.831250 0.643750 0.831250 0.627083
0 0.822917 0.583333 0.822917 0.589583 0.825000 0.591667 0.825000 0.597917 0.822917 0.600000 0.822917 0.606250 0.825000 0.608333 0.822917 0.610417 0.822917 0.616667 0.825000 0.618750 0.822917 0.616667 0.822917 0.610417 0.825000 0.608333 0.822917 0.606250 0.822917 0.600000 0.825000 0.597917 0.825000 0.591667 0.822917 0.589583
0 0.814583 0.560417 0.814583 0.562500 0.816667 0.564583 0.816667 0.566667 0.818750 0.568750 0.818750 0.570833 0.820833 0.572917 0.820833 0.579167 0.820833 0.572917 0.818750 0.570833 0.818750 0.568750 0.816667 0.566667 0.816667 0.562500
0 0.818750 0.525000 0.818750 0.535417 0.820833 0.537500 0.820833 0.539583 0.818750 0.541667 0.818750 0.545833 0.816667 0.547917 0.816667 0.550000 0.816667 0.547917 0.818750 0.545833 0.818750 0.541667 0.820833 0.539583 0.820833 0.537500 0.818750 0.535417
0 0.812500 0.450000 0.812500 0.452083 0.822917 0.462500 0.822917 0.468750 0.820833 0.470833 0.820833 0.485417 0.818750 0.487500 0.818750 0.491667 0.814583 0.495833 0.814583 0.497917 0.812500 0.500000 0.812500 0.512500 0.816667 0.516667 0.816667 0.520833 0.816667 0.516667 0.812500 0.512500 0.812500 0.500000 0.814583 0.497917 0.814583 0.495833 0.818750 0.491667 0.818750 0.487500 0.820833 0.485417 0.820833 0.470833 0.822917 0.468750 0.822917 0.462500 0.812500 0.452083
0 0.795833 0.335417 0.795833 0.360417 0.789583 0.366667 0.789583 0.368750 0.787500 0.370833 0.787500 0.372917 0.785417 0.375000 0.785417 0.377083 0.787500 0.379167 0.787500 0.395833 0.785417 0.397917 0.785417 0.402083 0.783333 0.404167 0.783333 0.410417 0.785417 0.412500 0.785417 0.414583 0.787500 0.416667 0.787500 0.418750 0.789583 0.420833 0.789583 0.427083 0.791667 0.429167 0.791667 0.431250 0.797917 0.437500 0.800000 0.437500 0.808333 0.445833 0.800000 0.437500 0.797917 0.437500 0.791667 0.431250 0.791667 0.429167 0.789583 0.427083 0.789583 0.420833 0.787500 0.418750 0.787500 0.416667 0.785417 0.414583 0.785417 0.412500 0.783333 0.410417 0.783333 0.404167 0.785417 0.402083 0.785417 0.397917 0.787500 0.395833 0.787500 0.379167 0.785417 0.377083 0.785417 0.375000 0.787500 0.372917 0.787500 0.370833 0.789583 0.368750 0.789583 0.366667 0.795833 0.360417
0 0.781250 0.289583 0.781250 0.312500 0.783333 0.314583 0.783333 0.320833 0.793750 0.331250 0.783333 0.320833 0.783333 0.314583 0.781250 0.312500
0 0.770833 0.264583 0.770833 0.266667 0.772917 0.268750 0.772917 0.270833 0.775000 0.272917 0.775000 0.275000 0.777083 0.277083 0.777083 0.279167 0.779167 0.281250 0.779167 0.283333 0.779167 0.281250 0.777083 0.279167 0.777083 0.277083 0.775000 0.275000 0.775000 0.272917 0.772917 0.270833 0.772917 0.268750 0.770833 0.266667
0 0.854167 0.220833 0.843750 0.231250 0.843750 0.233333 0.827083 0.250000 0.843750 0.233333 0.843750 0.231250
0 0.904167 0.162500 0.895833 0.170833 0.895833 0.172917 0.893750 0.175000 0.893750 0.179167 0.885417 0.187500 0.883333 0.187500 0.875000 0.195833 0.875000 0.197917 0.866667 0.206250 0.866667 0.208333 0.864583 0.210417 0.864583 0.212500 0.858333 0.218750 0.864583 0.212500 0.864583 0.210417 0.866667 0.208333 0.866667 0.206250 0.875000 0.197917 0.875000 0.195833 0.883333 0.187500 0.885417 0.187500 0.893750 0.179167 0.893750 0.175000 0.895833 0.172917 0.895833 0.170833
0 0.935417 0.106250 0.935417 0.108333 0.931250 0.112500 0.931250 0.118750 0.929167 0.120833 0.929167 0.122917 0.925000 0.127083 0.925000 0.129167 0.922917 0.131250 0.922917 0.137500 0.920833 0.139583 0.920833 0.141667 0.918750 0.143750 0.918750 0.147917 0.910417 0.156250 0.908333 0.156250 0.906250 0.158333 0.908333 0.156250 0.910417 0.156250 0.918750 0.147917 0.918750 0.143750 0.920833 0.141667 0.920833 0.139583 0.922917 0.137500 0.922917 0.131250 0.925000 0.129167 0.925000 0.127083 0.929167 0.122917 0.929167 0.120833 0.931250 0.118750 0.931250 0.112500 0.935417 0.108333
0 0.964583 0.041667 0.941667 0.064583 0.941667 0.066667 0.939583 0.068750 0.939583 0.072917 0.937500 0.075000 0.937500 0.100000 0.937500 0.075000 0.939583 0.072917 0.939583 0.068750 0.941667 0.066667 0.941667 0.064583
0 0.983333 0.008333 0.983333 0.010417 0.981250 0.012500 0.981250 0.016667 0.975000 0.022917 0.975000 0.025000 0.972917 0.027083 0.972917 0.029167 0.970833 0.031250 0.970833 0.033333 0.968750 0.035417 0.968750 0.037500 0.968750 0.035417 0.972917 0.031250 0.972917 0.027083 0.975000 0.025000 0.975000 0.022917 0.981250 0.016667 0.981250 0.012500 0.983333 0.010417