0 0.695833 0.895833 0.695833 0.902083 0.693750 0.904167 0.693750 0.914583 0.691667 0.916667 0.691667 0.920833 0.700000 0.929167 0.691667 0.920833 0.691667 0.916667 0.693750 0.914583 0.693750 0.904167 0.695833 0.902083
0 0.693750 0.881250 0.695833 0.883333 0.695833 0.891667 0.695833 0.883333
0 0.677083 0.820833 0.677083 0.822917 0.679167 0.825000 0.679167 0.827083 0.681250 0.829167 0.681250 0.835417 0.683333 0.837500 0.683333 0.841667 0.685417 0.843750 0.685417 0.845833 0.687500 0.847917 0.687500 0.850000 0.689583 0.852083 0.689583 0.856250 0.691667 0.858333 0.691667 0.877083 0.691667 0.858333 0.689583 0.856250 0.689583 0.852083 0.687500 0.850000 0.687500 0.847917 0.685417 0.845833 0.685417 0.843750 0.683333 0.841667 0.683333 0.837500 0.681250 0.835417 0.681250 0.829167 0.679167 0.827083 0.679167 0.825000 0.677083 0.822917
0 0.670833 0.806250 0.670833 0.810417 0.675000 0.814583 0.675000 0.816667 0.675000 0.812500 0.672917 0.812500 0.670833 0.810417
0 0.664583 0.758333 0.664583 0.760417 0.668750 0.764583 0.668750 0.770833 0.670833 0.772917 0.670833 0.793750 0.668750 0.795833 0.670833 0.793750 0.670833 0.772917 0.668750 0.770833 0.668750 0.764583 0.664583 0.760417
0 0.664583 0.729167 0.664583 0.737500 0.662500 0.739583 0.662500 0.745833 0.664583 0.747917 0.664583 0.754167 0.664583 0.747917 0.662500 0.745833 0.662500 0.739583 0.664583 0.737500
0 0.654167 0.635417 0.654167 0.639583 0.656250 0.641667 0.656250 0.643750 0.658333 0.645833 0.658333 0.700000 0.662500 0.704167 0.662500 0.706250 0.664583 0.708333 0.664583 0.710417 0.660417 0.714583 0.660417 0.716667 0.664583 0.720833 0.664583 0.725000 0.664583 0.718750 0.662500 0.718750 0.660417 0.716667 0.660417 0.714583 0.664583 0.710417 0.664583 0.708333 0.662500 0.706250 0.662500 0.704167 0.658333 0.700000 0.658333 0.645833 0.656250 0.643750 0.656250 0.641667 0.654167 0.639583
0 0.652083 0.604167 0.652083 0.606250 0.650000 0.608333 0.650000 0.620833 0.652083 0.622917 0.652083 0.625000 0.654167 0.627083 0.654167 0.631250 0.654167 0.625000 0.650000 0.620833 0.650000 0.608333 0.652083 0.606250
0 0.654167 0.589583 0.654167 0.597917 0.656250 0.600000 0.654167 0.597917
0 0.637500 0.527083 0.635417 0.529167 0.637500 0.531250 0.637500 0.547917 0.647917 0.558333 0.647917 0.560417 0.650000 0.562500 0.650000 0.568750 0.656250 0.575000 0.656250 0.577083 0.656250 0.575000 0.650000 0.568750 0.650000 0.562500 0.647917 0.560417 0.647917 0.558333 0.637500 0.547917 0.637500 0.531250 0.635417 0.529167
0 0.625000 0.441667 0.625000 0.450000 0.622917 0.452083 0.622917 0.456250 0.625000 0.458333 0.625000 0.466667 0.627083 0.468750 0.629167 0.468750 0.647917 0.487500 0.647917 0.491667 0.643750 0.495833 0.643750 0.500000 0.641667 0.502083 0.641667 0.504167 0.637500 0.508333 0.637500 0.510417 0.639583 0.512500 0.639583 0.514583 0.635417 0.518750 0.637500 0.520833 0.637500 0.522917 0.637500 0.516667 0.639583 0.514583 0.639583 0.512500 0.637500 0.510417 0.637500 0.508333 0.641667 0.504167 0.641667 0.502083 0.643750 0.500000 0.643750 0.495833 0.647917 0.491667 0.647917 0.487500 0.629167 0.468750 0.627083 0.468750 0.625000 0.466667 0.625000 0.458333 0.622917 0.456250 0.622917 0.452083 0.625000 0.450000
0 0.595833 0.325000 0.608333 0.337500 0.608333 0.345833 0.614583 0.352083 0.614583 0.356250 0.616667 0.358333 0.616667 0.360417 0.612500 0.364583 0.612500 0.372917 0.608333 0.377083 0.608333 0.404167 0.612500 0.408333 0.612500 0.410417 0.622917 0.420833 0.612500 0.410417 0.612500 0.406250 0.610417 0.406250 0.608333 0.404167 0.608333 0.377083 0.612500 0.372917 0.612500 0.364583 0.616667 0.360417 0.616667 0.358333 0.614583 0.356250 0.614583 0.352083 0.608333 0.345833 0.608333 0.337500
0 0.587500 0.310417 0.589583 0.312500 0.589583 0.316667 0.593750 0.320833 0.589583 0.316667 0.589583 0.312500
0 0.616667 0.210417 0.616667 0.218750 0.606250 0.229167 0.606250 0.247917 0.604167 0.250000 0.602083 0.250000 0.602083 0.256250 0.606250 0.260417 0.606250 0.270833 0.602083 0.275000 0.602083 0.287500 0.593750 0.295833 0.593750 0.297917 0.587500 0.304167 0.587500 0.306250 0.587500 0.304167 0.593750 0.297917 0.593750 0.295833 0.602083 0.287500 0.602083 0.275000 0.606250 0.270833 0.606250 0.260417 0.602083 0.256250 0.602083 0.252083 0.606250 0.247917 0.606250 0.229167 0.616667 0.218750
0 0.560417 0.081250 0.560417 0.087500 0.562500 0.089583 0.562500 0.091667 0.566667 0.095833 0.566667 0.100000 0.568750 0.102083 0.568750 0.104167 0.570833 0.106250 0.568750 0.108333 0.568750 0.110417 0.577083 0.118750 0.577083 0.120833 0.581250 0.125000 0.581250 0.141667 0.583333 0.143750 0.583333 0.156250 0.593750 0.166667 0.593750 0.168750 0.614583 0.189583 0.614583 0.191667 0.616667 0.193750 0.616667 0.197917 0.612500 0.202083 0.612500 0.206250 0.612500 0.202083 0.616667 0.197917 0.616667 0.193750 0.614583 0.191667 0.614583 0.187500 0.612500 0.187500 0.593750 0.168750 0.593750 0.166667 0.583333 0.156250 0.583333 0.143750 0.581250 0.141667 0.581250 0.125000 0.577083 0.120833 0.577083 0.118750 0.568750 0.110417 0.568750 0.108333 0.570833 0.106250 0.568750 0.104167 0.568750 0.102083 0.566667 0.100000 0.566667 0.093750 0.564583 0.093750 0.562500 0.091667 0.562500 0.089583 0.560417 0.087500