0 0.927083 0.870833 0.927083 0.875000 0.929167 0.877083 0.929167 0.883333 0.937500 0.891667 0.937500 0.893750 0.941667 0.897917 0.941667 0.900000 0.947917 0.906250 0.950000 0.906250 0.968750 0.925000 0.968750 0.937500 0.970833 0.937500 0.979167 0.945833 0.979167 0.947917 0.981250 0.950000 0.981250 0.952083 0.985417 0.956250 0.985417 0.958333 0.983333 0.960417 0.985417 0.962500 0.985417 0.964583 0.991667 0.970833 0.985417 0.964583 0.985417 0.962500 0.983333 0.960417 0.985417 0.958333 0.985417 0.956250 0.981250 0.952083 0.981250 0.950000 0.979167 0.947917 0.979167 0.945833 0.968750 0.935417 0.968750 0.925000 0.950000 0.906250 0.947917 0.906250 0.941667 0.900000 0.941667 0.897917 0.937500 0.893750 0.937500 0.891667 0.929167 0.883333 0.929167 0.875000 0.927083 0.872917
0 0.889583 0.789583 0.891667 0.791667 0.891667 0.797917 0.893750 0.800000 0.893750 0.806250 0.895833 0.808333 0.895833 0.818750 0.897917 0.820833 0.897917 0.827083 0.895833 0.829167 0.895833 0.833333 0.902083 0.839583 0.902083 0.843750 0.904167 0.843750 0.906250 0.845833 0.906250 0.847917 0.925000 0.866667 0.906250 0.847917 0.906250 0.845833 0.902083 0.841667 0.902083 0.839583 0.895833 0.833333 0.895833 0.829167 0.897917 0.827083 0.897917 0.820833 0.895833 0.818750 0.895833 0.808333 0.893750 0.806250 0.893750 0.800000 0.891667 0.797917 0.891667 0.795833 0.893750 0.793750
0 0.839583 0.716667 0.854167 0.731250 0.854167 0.735417 0.856250 0.737500 0.856250 0.743750 0.860417 0.747917 0.860417 0.750000 0.862500 0.750000 0.875000 0.762500 0.875000 0.764583 0.881250 0.770833 0.881250 0.772917 0.887500 0.779167 0.887500 0.781250 0.887500 0.779167 0.881250 0.772917 0.881250 0.770833 0.875000 0.764583 0.875000 0.762500 0.856250 0.743750 0.856250 0.737500 0.854167 0.735417 0.854167 0.731250 0.843750 0.720833 0.843750 0.718750 0.841667 0.718750
0 0.800000 0.633333 0.800000 0.635417 0.808333 0.643750 0.808333 0.645833 0.810417 0.645833 0.812500 0.647917 0.816667 0.647917 0.818750 0.650000 0.820833 0.650000 0.827083 0.656250 0.829167 0.656250 0.843750 0.670833 0.843750 0.683333 0.839583 0.687500 0.839583 0.695833 0.837500 0.697917 0.837500 0.706250 0.839583 0.708333 0.839583 0.712500 0.839583 0.708333 0.837500 0.706250 0.837500 0.697917 0.839583 0.695833 0.839583 0.689583 0.841667 0.687500 0.841667 0.685417 0.843750 0.683333 0.843750 0.670833 0.829167 0.656250 0.827083 0.656250 0.820833 0.650000 0.818750 0.650000 0.816667 0.647917 0.812500 0.647917 0.800000 0.635417
0 0.781250 0.597917 0.793750 0.610417 0.793750 0.612500 0.795833 0.614583 0.795833 0.625000 0.797917 0.625000 0.795833 0.622917 0.795833 0.614583 0.793750 0.612500 0.793750 0.610417
0 0.766667 0.583333 0.768750 0.585417 0.770833 0.585417 0.779167 0.593750 0.781250 0.593750 0.779167 0.593750 0.770833 0.585417 0.768750 0.585417
0 0.750000 0.579167 0.752083 0.581250 0.758333 0.581250 0.760417 0.579167 0.762500 0.581250 0.760417 0.579167 0.758333 0.581250 0.752083 0.581250
0 0.456250 0.358333 0.460417 0.362500 0.460417 0.368750 0.462500 0.370833 0.462500 0.381250 0.464583 0.383333 0.464583 0.391667 0.466667 0.393750 0.466667 0.400000 0.464583 0.402083 0.466667 0.400000 0.468750 0.402083 0.468750 0.408333 0.472917 0.412500 0.472917 0.418750 0.470833 0.420833 0.475000 0.425000 0.475000 0.427083 0.485417 0.437500 0.487500 0.437500 0.500000 0.450000 0.500000 0.452083 0.516667 0.468750 0.500000 0.452083 0.500000 0.450000 0.487500 0.437500 0.485417 0.437500 0.475000 0.427083 0.475000 0.425000 0.470833 0.420833 0.472917 0.418750 0.472917 0.412500 0.468750 0.408333 0.468750 0.402083 0.466667 0.400000 0.466667 0.393750 0.464583 0.391667 0.464583 0.383333 0.462500 0.381250 0.462500 0.370833 0.460417 0.368750 0.460417 0.362500
0 0.447917 0.341667 0.450000 0.343750 0.450000 0.347917 0.454167 0.352083 0.454167 0.354167 0.454167 0.352083 0.450000 0.347917 0.450000 0.343750
0 0.420833 0.329167 0.422917 0.331250 0.425000 0.331250 0.429167 0.335417 0.433333 0.335417 0.435417 0.337500 0.443750 0.337500 0.435417 0.337500 0.433333 0.335417 0.429167 0.335417 0.425000 0.331250 0.422917 0.331250
0 0.397917 0.291667 0.397917 0.302083 0.400000 0.304167 0.400000 0.306250 0.402083 0.308333 0.402083 0.310417 0.406250 0.314583 0.406250 0.316667 0.416667 0.327083 0.418750 0.325000 0.416667 0.327083 0.406250 0.316667 0.406250 0.314583 0.402083 0.310417 0.402083 0.308333 0.400000 0.306250 0.400000 0.304167 0.397917 0.302083
0 0.377083 0.233333 0.377083 0.235417 0.383333 0.241667 0.383333 0.243750 0.385417 0.245833 0.385417 0.247917 0.383333 0.250000 0.385417 0.247917 0.387500 0.247917 0.389583 0.250000 0.387500 0.252083 0.389583 0.254167 0.389583 0.256250 0.391667 0.258333 0.391667 0.260417 0.387500 0.264583 0.387500 0.268750 0.385417 0.270833 0.387500 0.272917 0.387500 0.275000 0.395833 0.283333 0.395833 0.285417 0.393750 0.287500 0.393750 0.289583 0.397917 0.285417 0.397917 0.281250 0.395833 0.281250 0.387500 0.272917 0.387500 0.270833 0.393750 0.264583 0.391667 0.262500 0.393750 0.260417 0.393750 0.258333 0.391667 0.256250 0.391667 0.254167 0.389583 0.252083 0.389583 0.250000 0.387500 0.247917 0.387500 0.245833 0.385417 0.243750 0.385417 0.241667
0 0.362500 0.218750 0.366667 0.218750 0.375000 0.227083 0.375000 0.229167 0.375000 0.227083 0.366667 0.218750