0 0.727083 0.920833 0.735417 0.920833 0.739583 0.925000 0.741667 0.925000 0.750000 0.933333 0.750000 0.935417 0.752083 0.937500 0.754167 0.937500 0.781250 0.964583 0.781250 0.966667 0.783333 0.968750 0.793750 0.968750 0.812500 0.987500 0.812500 0.989583 0.816667 0.993750 0.820833 0.993750 0.822917 0.995833 0.820833 0.993750 0.816667 0.993750 0.812500 0.989583 0.812500 0.987500 0.793750 0.968750 0.783333 0.968750 0.781250 0.966667 0.781250 0.964583 0.754167 0.937500 0.752083 0.937500 0.750000 0.935417 0.750000 0.933333 0.741667 0.925000 0.739583 0.925000 0.735417 0.920833
0 0.597917 0.868750 0.604167 0.875000 0.606250 0.872917 0.608333 0.872917 0.610417 0.870833 0.608333 0.872917 0.606250 0.872917 0.604167 0.875000
0 0.625000 0.858333 0.614583 0.868750 0.622917 0.860417 0.625000 0.860417 0.627083 0.862500 0.635417 0.862500 0.645833 0.872917 0.650000 0.872917 0.652083 0.875000 0.654167 0.875000 0.656250 0.877083 0.656250 0.879167 0.681250 0.904167 0.683333 0.904167 0.685417 0.906250 0.689583 0.906250 0.693750 0.910417 0.695833 0.910417 0.697917 0.912500 0.700000 0.912500 0.702083 0.914583 0.704167 0.914583 0.710417 0.920833 0.722917 0.920833 0.710417 0.920833 0.704167 0.914583 0.702083 0.914583 0.700000 0.912500 0.697917 0.912500 0.695833 0.910417 0.693750 0.910417 0.689583 0.906250 0.685417 0.906250 0.683333 0.904167 0.681250 0.904167 0.656250 0.879167 0.656250 0.877083 0.654167 0.875000 0.652083 0.875000 0.650000 0.872917 0.645833 0.872917 0.635417 0.862500 0.627083 0.862500 0.625000 0.860417
0 0.556250 0.835417 0.560417 0.835417 0.562500 0.837500 0.562500 0.839583 0.564583 0.841667 0.568750 0.841667 0.570833 0.843750 0.575000 0.843750 0.593750 0.862500 0.593750 0.864583 0.593750 0.862500 0.575000 0.843750 0.570833 0.843750 0.568750 0.841667 0.564583 0.841667 0.562500 0.839583 0.562500 0.837500 0.560417 0.835417
0 0.520833 0.804167 0.547917 0.831250 0.552083 0.831250 0.547917 0.831250 0.531250 0.814583 0.531250 0.812500 0.529167 0.812500
0 0.518750 0.795833 0.520833 0.797917 0.520833 0.800000 0.520833 0.797917
0 0.472917 0.725000 0.472917 0.727083 0.483333 0.737500 0.483333 0.739583 0.489583 0.745833 0.489583 0.747917 0.491667 0.750000 0.493750 0.750000 0.500000 0.756250 0.500000 0.762500 0.502083 0.764583 0.502083 0.768750 0.504167 0.770833 0.504167 0.772917 0.514583 0.783333 0.514583 0.785417 0.516667 0.787500 0.516667 0.791667 0.516667 0.787500 0.514583 0.785417 0.514583 0.781250 0.512500 0.781250 0.504167 0.772917 0.504167 0.770833 0.502083 0.768750 0.502083 0.764583 0.500000 0.762500 0.500000 0.756250 0.493750 0.750000 0.491667 0.750000 0.489583 0.747917 0.489583 0.745833 0.483333 0.739583 0.483333 0.737500 0.472917 0.727083
0 0.456250 0.714583 0.458333 0.716667 0.460417 0.716667 0.462500 0.718750 0.466667 0.718750 0.468750 0.720833 0.468750 0.722917 0.470833 0.720833 0.468750 0.720833 0.466667 0.718750 0.462500 0.718750 0.460417 0.716667 0.458333 0.716667
0 0.416667 0.687500 0.418750 0.687500 0.420833 0.689583 0.427083 0.689583 0.437500 0.700000 0.437500 0.702083 0.445833 0.710417 0.447917 0.710417 0.450000 0.712500 0.452083 0.712500 0.450000 0.712500 0.447917 0.710417 0.445833 0.710417 0.437500 0.702083 0.437500 0.700000 0.427083 0.689583 0.420833 0.689583 0.418750 0.687500
0 0.187500 0.364583 0.187500 0.377083 0.189583 0.379167 0.189583 0.395833 0.210417 0.416667 0.210417 0.420833 0.212500 0.422917 0.212500 0.425000 0.216667 0.429167 0.216667 0.431250 0.218750 0.433333 0.218750 0.435417 0.220833 0.437500 0.222917 0.437500 0.227083 0.441667 0.227083 0.443750 0.243750 0.460417 0.243750 0.462500 0.245833 0.464583 0.245833 0.475000 0.247917 0.477083 0.247917 0.479167 0.250000 0.481250 0.250000 0.491667 0.252083 0.493750 0.252083 0.497917 0.254167 0.500000 0.256250 0.500000 0.262500 0.506250 0.262500 0.508333 0.281250 0.527083 0.281250 0.529167 0.283333 0.531250 0.285417 0.531250 0.306250 0.552083 0.310417 0.552083 0.312500 0.554167 0.312500 0.556250 0.318750 0.562500 0.320833 0.562500 0.343750 0.585417 0.343750 0.587500 0.350000 0.593750 0.352083 0.593750 0.366667 0.608333 0.366667 0.616667 0.368750 0.618750 0.368750 0.629167 0.370833 0.631250 0.370833 0.633333 0.375000 0.637500 0.375000 0.647917 0.377083 0.650000 0.377083 0.652083 0.385417 0.660417 0.385417 0.662500 0.406250 0.683333 0.406250 0.685417 0.408333 0.685417 0.410417 0.687500 0.412500 0.687500 0.410417 0.687500 0.385417 0.662500 0.385417 0.660417 0.377083 0.652083 0.377083 0.650000 0.375000 0.647917 0.375000 0.637500 0.370833 0.633333 0.370833 0.631250 0.368750 0.629167 0.368750 0.618750 0.366667 0.616667 0.366667 0.608333 0.362500 0.604167 0.362500 0.602083 0.360417 0.602083 0.352083 0.593750 0.350000 0.593750 0.343750 0.587500 0.343750 0.585417 0.320833 0.562500 0.318750 0.562500 0.312500 0.556250 0.312500 0.554167 0.310417 0.552083 0.306250 0.552083 0.285417 0.531250 0.283333 0.531250 0.281250 0.529167 0.281250 0.527083 0.262500 0.508333 0.262500 0.506250 0.256250 0.500000 0.254167 0.500000 0.252083 0.497917 0.252083 0.493750 0.250000 0.491667 0.250000 0.481250 0.247917 0.479167 0.247917 0.477083 0.245833 0.475000 0.245833 0.464583 0.243750 0.462500 0.243750 0.460417 0.227083 0.443750 0.227083 0.441667 0.222917 0.437500 0.220833 0.437500 0.218750 0.435417 0.218750 0.433333 0.216667 0.431250 0.216667 0.429167 0.212500 0.425000 0.212500 0.422917 0.210417 0.420833 0.210417 0.416667 0.202083 0.408333 0.202083 0.406250 0.200000 0.406250 0.189583 0.395833 0.189583 0.379167 0.187500 0.377083
0 0.112500 0.291667 0.114583 0.293750 0.116667 0.293750 0.120833 0.297917 0.122917 0.297917 0.125000 0.300000 0.125000 0.302083 0.129167 0.306250 0.131250 0.306250 0.135417 0.310417 0.137500 0.310417 0.139583 0.312500 0.143750 0.312500 0.145833 0.314583 0.147917 0.314583 0.156250 0.322917 0.156250 0.325000 0.175000 0.343750 0.177083 0.343750 0.181250 0.347917 0.181250 0.350000 0.185417 0.354167 0.185417 0.360417 0.185417 0.354167 0.181250 0.350000 0.181250 0.347917 0.177083 0.343750 0.175000 0.343750 0.156250 0.325000 0.156250 0.322917 0.147917 0.314583 0.145833 0.314583 0.143750 0.312500 0.139583 0.312500 0.137500 0.310417 0.135417 0.310417 0.131250 0.306250 0.129167 0.306250 0.125000 0.302083 0.125000 0.300000 0.122917 0.297917 0.120833 0.297917 0.116667 0.293750 0.114583 0.293750
0 0.031250 0.210417 0.031250 0.212500 0.033333 0.214583 0.033333 0.218750 0.035417 0.220833 0.035417 0.225000 0.039583 0.229167 0.039583 0.233333 0.056250 0.250000 0.056250 0.254167 0.058333 0.256250 0.058333 0.258333 0.062500 0.262500 0.062500 0.264583 0.072917 0.275000 0.083333 0.275000 0.085417 0.277083 0.091667 0.277083 0.093750 0.279167 0.095833 0.279167 0.097917 0.281250 0.100000 0.281250 0.097917 0.281250 0.095833 0.279167 0.093750 0.279167 0.091667 0.277083 0.085417 0.277083 0.083333 0.275000 0.072917 0.275000 0.062500 0.264583 0.062500 0.262500 0.058333 0.258333 0.058333 0.256250 0.056250 0.254167 0.056250 0.250000 0.039583 0.233333 0.039583 0.229167 0.035417 0.225000 0.035417 0.218750 0.033333 0.216667 0.033333 0.214583 0.031250 0.212500
0 0.020833 0.187500 0.022917 0.189583 0.022917 0.193750 0.025000 0.195833 0.025000 0.200000 0.027083 0.202083 0.027083 0.204167 0.027083 0.202083 0.025000 0.200000 0.025000 0.195833 0.022917 0.193750 0.022917 0.189583