0 0.200000 0.916667 0.200000 0.927083 0.202083 0.929167 0.200000 0.931250 0.200000 0.935417 0.202083 0.937500 0.202083 0.964583 0.204167 0.966667 0.204167 0.972917 0.206250 0.975000 0.206250 0.977083 0.210417 0.981250 0.206250 0.977083 0.206250 0.975000 0.204167 0.972917 0.204167 0.966667 0.202083 0.964583 0.202083 0.937500 0.200000 0.935417 0.200000 0.931250 0.202083 0.929167 0.200000 0.927083
0 0.204167 0.737500 0.204167 0.741667 0.206250 0.743750 0.206250 0.756250 0.202083 0.760417 0.202083 0.762500 0.204167 0.764583 0.204167 0.766667 0.206250 0.768750 0.206250 0.770833 0.210417 0.775000 0.210417 0.781250 0.208333 0.783333 0.208333 0.791667 0.212500 0.795833 0.212500 0.802083 0.218750 0.808333 0.218750 0.810417 0.220833 0.812500 0.222917 0.812500 0.227083 0.816667 0.227083 0.818750 0.220833 0.825000 0.220833 0.827083 0.218750 0.829167 0.218750 0.833333 0.225000 0.839583 0.225000 0.850000 0.218750 0.856250 0.218750 0.858333 0.202083 0.875000 0.202083 0.883333 0.212500 0.893750 0.212500 0.895833 0.202083 0.906250 0.202083 0.908333 0.202083 0.906250 0.212500 0.895833 0.212500 0.893750 0.202083 0.883333 0.202083 0.875000 0.218750 0.858333 0.218750 0.856250 0.225000 0.850000 0.225000 0.839583 0.218750 0.833333 0.218750 0.829167 0.220833 0.827083 0.220833 0.825000 0.227083 0.818750 0.227083 0.816667 0.222917 0.812500 0.220833 0.812500 0.218750 0.810417 0.218750 0.808333 0.212500 0.802083 0.212500 0.795833 0.208333 0.791667 0.208333 0.783333 0.210417 0.781250 0.210417 0.775000 0.206250 0.770833 0.206250 0.768750 0.204167 0.766667 0.204167 0.764583 0.202083 0.762500 0.202083 0.760417 0.206250 0.756250 0.206250 0.743750 0.204167 0.741667
0 0.218750 0.664583 0.218750 0.666667 0.222917 0.670833 0.222917 0.683333 0.210417 0.695833 0.210417 0.697917 0.208333 0.700000 0.208333 0.706250 0.206250 0.708333 0.206250 0.716667 0.204167 0.718750 0.204167 0.725000 0.202083 0.727083 0.202083 0.731250 0.204167 0.733333 0.202083 0.731250 0.202083 0.727083 0.204167 0.725000 0.204167 0.718750 0.206250 0.716667 0.206250 0.708333 0.208333 0.706250 0.208333 0.700000 0.210417 0.697917 0.210417 0.695833 0.222917 0.683333 0.222917 0.670833 0.218750 0.666667
0 0.220833 0.654167 0.218750 0.656250 0.218750 0.660417 0.218750 0.656250
0 0.231250 0.583333 0.231250 0.591667 0.229167 0.593750 0.229167 0.600000 0.237500 0.608333 0.237500 0.610417 0.239583 0.612500 0.239583 0.618750 0.233333 0.625000 0.231250 0.625000 0.227083 0.629167 0.227083 0.635417 0.225000 0.637500 0.225000 0.641667 0.220833 0.645833 0.220833 0.650000 0.220833 0.645833 0.225000 0.641667 0.225000 0.637500 0.227083 0.635417 0.227083 0.629167 0.231250 0.625000 0.233333 0.625000 0.239583 0.618750 0.239583 0.612500 0.237500 0.610417 0.237500 0.608333 0.229167 0.600000 0.229167 0.593750 0.231250 0.591667
0 0.250000 0.518750 0.243750 0.525000 0.243750 0.535417 0.241667 0.537500 0.241667 0.541667 0.237500 0.545833 0.237500 0.547917 0.239583 0.550000 0.239583 0.552083 0.235417 0.556250 0.235417 0.566667 0.233333 0.568750 0.233333 0.572917 0.231250 0.575000 0.233333 0.577083 0.233333 0.579167 0.233333 0.577083 0.231250 0.575000 0.233333 0.572917 0.233333 0.568750 0.235417 0.566667 0.235417 0.556250 0.239583 0.552083 0.239583 0.550000 0.237500 0.547917 0.237500 0.545833 0.241667 0.541667 0.241667 0.537500 0.243750 0.535417 0.243750 0.525000
0 0.291667 0.270833 0.289583 0.272917 0.289583 0.275000 0.285417 0.279167 0.285417 0.285417 0.283333 0.287500 0.283333 0.291667 0.281250 0.293750 0.281250 0.295833 0.279167 0.297917 0.279167 0.308333 0.275000 0.312500 0.275000 0.318750 0.272917 0.320833 0.272917 0.322917 0.270833 0.325000 0.270833 0.333333 0.268750 0.335417 0.268750 0.341667 0.266667 0.343750 0.266667 0.347917 0.262500 0.352083 0.262500 0.362500 0.264583 0.364583 0.264583 0.368750 0.262500 0.370833 0.262500 0.379167 0.254167 0.387500 0.254167 0.391667 0.252083 0.393750 0.252083 0.406250 0.254167 0.406250 0.256250 0.408333 0.256250 0.412500 0.254167 0.414583 0.254167 0.418750 0.256250 0.420833 0.256250 0.422917 0.250000 0.429167 0.250000 0.431250 0.252083 0.433333 0.250000 0.435417 0.250000 0.460417 0.252083 0.462500 0.252083 0.468750 0.247917 0.472917 0.247917 0.479167 0.243750 0.483333 0.243750 0.491667 0.247917 0.495833 0.247917 0.506250 0.250000 0.508333 0.247917 0.506250 0.247917 0.495833 0.243750 0.491667 0.243750 0.483333 0.247917 0.479167 0.247917 0.472917 0.252083 0.468750 0.252083 0.462500 0.250000 0.460417 0.250000 0.435417 0.252083 0.433333 0.250000 0.431250 0.250000 0.429167 0.256250 0.422917 0.256250 0.420833 0.254167 0.418750 0.254167 0.414583 0.256250 0.412500 0.256250 0.408333 0.252083 0.404167 0.252083 0.393750 0.254167 0.391667 0.254167 0.387500 0.262500 0.379167 0.262500 0.370833 0.264583 0.368750 0.264583 0.364583 0.262500 0.362500 0.262500 0.352083 0.266667 0.347917 0.266667 0.343750 0.268750 0.341667 0.268750 0.335417 0.270833 0.333333 0.270833 0.325000 0.272917 0.322917 0.272917 0.320833 0.275000 0.318750 0.275000 0.312500 0.279167 0.308333 0.279167 0.297917 0.281250 0.295833 0.281250 0.293750 0.283333 0.291667 0.283333 0.287500 0.285417 0.285417 0.285417 0.283333 0.287500 0.281250 0.285417 0.279167 0.289583 0.275000 0.289583 0.272917
0 0.333333 0.093750 0.312500 0.114583 0.312500 0.127083 0.314583 0.129167 0.314583 0.131250 0.339583 0.156250 0.341667 0.156250 0.343750 0.158333 0.343750 0.162500 0.341667 0.164583 0.341667 0.166667 0.339583 0.168750 0.339583 0.170833 0.337500 0.172917 0.337500 0.179167 0.343750 0.185417 0.343750 0.187500 0.345833 0.189583 0.343750 0.191667 0.343750 0.195833 0.341667 0.197917 0.341667 0.200000 0.337500 0.204167 0.337500 0.206250 0.335417 0.208333 0.335417 0.210417 0.331250 0.214583 0.331250 0.216667 0.329167 0.218750 0.329167 0.220833 0.327083 0.222917 0.327083 0.225000 0.320833 0.231250 0.320833 0.233333 0.312500 0.241667 0.312500 0.243750 0.310417 0.245833 0.310417 0.247917 0.308333 0.250000 0.306250 0.250000 0.295833 0.260417 0.295833 0.266667 0.295833 0.260417 0.306250 0.250000 0.308333 0.250000 0.310417 0.247917 0.310417 0.245833 0.312500 0.243750 0.312500 0.241667 0.320833 0.233333 0.320833 0.231250 0.327083 0.225000 0.327083 0.222917 0.331250 0.218750 0.331250 0.214583 0.335417 0.210417 0.335417 0.208333 0.337500 0.206250 0.337500 0.204167 0.341667 0.200000 0.341667 0.197917 0.343750 0.195833 0.343750 0.191667 0.345833 0.189583 0.345833 0.187500 0.337500 0.179167 0.337500 0.172917 0.339583 0.170833 0.339583 0.168750 0.341667 0.166667 0.341667 0.164583 0.343750 0.162500 0.343750 0.158333 0.341667 0.156250 0.339583 0.156250 0.314583 0.131250 0.314583 0.129167 0.312500 0.127083 0.312500 0.114583
0 0.364583 0.068750 0.341667 0.091667 0.339583 0.091667 0.337500 0.093750 0.339583 0.091667 0.343750 0.091667 0.343750 0.089583 0.364583 0.068750 0.366667 0.068750
0 0.327083 0.050000 0.329167 0.050000 0.331250 0.052083 0.333333 0.052083 0.335417 0.054167 0.341667 0.054167 0.347917 0.060417 0.352083 0.060417 0.354167 0.062500 0.360417 0.062500 0.362500 0.064583 0.360417 0.062500 0.354167 0.062500 0.352083 0.060417 0.347917 0.060417 0.341667 0.054167 0.335417 0.054167 0.333333 0.052083 0.331250 0.052083 0.329167 0.050000
0 0.347917 0.000000 0.343750 0.004167 0.343750 0.006250 0.322917 0.027083 0.320833 0.027083 0.320833 0.029167 0.318750 0.031250 0.318750 0.039583 0.320833 0.041667 0.320833 0.043750 0.322917 0.045833 0.320833 0.043750 0.320833 0.041667 0.318750 0.039583 0.318750 0.031250 0.343750 0.006250 0.343750 0.004167