0 0.854167 0.577083 0.850000 0.581250 0.854167 0.577083 0.866667 0.577083 0.868750 0.579167 0.872917 0.579167 0.875000 0.581250 0.883333 0.581250 0.885417 0.583333 0.893750 0.583333 0.897917 0.587500 0.904167 0.587500 0.908333 0.591667 0.916667 0.591667 0.920833 0.587500 0.922917 0.587500 0.927083 0.583333 0.935417 0.583333 0.937500 0.581250 0.939583 0.581250 0.952083 0.593750 0.954167 0.593750 0.964583 0.604167 0.966667 0.604167 0.968750 0.606250 0.972917 0.606250 0.975000 0.608333 0.991667 0.608333 0.975000 0.608333 0.972917 0.606250 0.968750 0.606250 0.966667 0.604167 0.964583 0.604167 0.954167 0.593750 0.952083 0.593750 0.939583 0.581250 0.937500 0.581250 0.935417 0.583333 0.927083 0.583333 0.922917 0.587500 0.920833 0.587500 0.916667 0.591667 0.908333 0.591667 0.904167 0.587500 0.897917 0.587500 0.893750 0.583333 0.885417 0.583333 0.883333 0.581250 0.877083 0.581250 0.875000 0.579167 0.868750 0.579167 0.866667 0.577083
0 0.768750 0.564583 0.775000 0.570833 0.777083 0.570833 0.781250 0.575000 0.781250 0.577083 0.785417 0.577083 0.789583 0.581250 0.793750 0.581250 0.795833 0.583333 0.797917 0.583333 0.806250 0.591667 0.808333 0.589583 0.810417 0.589583 0.812500 0.587500 0.841667 0.587500 0.843750 0.585417 0.845833 0.585417 0.843750 0.585417 0.841667 0.587500 0.812500 0.587500 0.810417 0.589583 0.808333 0.589583 0.806250 0.591667 0.797917 0.583333 0.795833 0.583333 0.793750 0.581250 0.789583 0.581250 0.785417 0.577083 0.783333 0.577083 0.777083 0.570833 0.775000 0.570833
0 0.591667 0.531250 0.595833 0.531250 0.597917 0.533333 0.602083 0.533333 0.604167 0.535417 0.610417 0.535417 0.612500 0.537500 0.620833 0.537500 0.622917 0.539583 0.625000 0.537500 0.627083 0.537500 0.629167 0.535417 0.631250 0.535417 0.633333 0.537500 0.637500 0.537500 0.639583 0.539583 0.643750 0.539583 0.645833 0.541667 0.647917 0.541667 0.650000 0.543750 0.654167 0.543750 0.656250 0.545833 0.658333 0.545833 0.662500 0.550000 0.664583 0.550000 0.668750 0.554167 0.677083 0.554167 0.679167 0.552083 0.685417 0.552083 0.687500 0.550000 0.689583 0.550000 0.691667 0.547917 0.695833 0.547917 0.697917 0.550000 0.702083 0.550000 0.704167 0.552083 0.706250 0.552083 0.708333 0.550000 0.725000 0.550000 0.729167 0.545833 0.733333 0.545833 0.737500 0.550000 0.747917 0.550000 0.750000 0.552083 0.754167 0.552083 0.764583 0.562500 0.754167 0.552083 0.752083 0.552083 0.750000 0.550000 0.737500 0.550000 0.733333 0.545833 0.729167 0.545833 0.725000 0.550000 0.708333 0.550000 0.706250 0.552083 0.704167 0.552083 0.702083 0.550000 0.697917 0.550000 0.695833 0.547917 0.691667 0.547917 0.689583 0.550000 0.687500 0.550000 0.685417 0.552083 0.679167 0.552083 0.677083 0.554167 0.668750 0.554167 0.664583 0.550000 0.662500 0.550000 0.656250 0.543750 0.650000 0.543750 0.647917 0.541667 0.645833 0.541667 0.643750 0.539583 0.639583 0.539583 0.637500 0.537500 0.633333 0.537500 0.631250 0.535417 0.629167 0.535417 0.627083 0.537500 0.625000 0.537500 0.622917 0.539583 0.620833 0.537500 0.612500 0.537500 0.610417 0.535417 0.604167 0.535417 0.602083 0.533333 0.597917 0.533333 0.595833 0.531250
0 0.562500 0.520833 0.560417 0.522917 0.554167 0.522917 0.552083 0.525000 0.545833 0.525000 0.543750 0.527083 0.541667 0.525000 0.512500 0.525000 0.541667 0.525000 0.543750 0.527083 0.545833 0.525000 0.552083 0.525000 0.554167 0.522917 0.560417 0.522917 0.562500 0.520833 0.564583 0.522917 0.568750 0.522917 0.570833 0.525000 0.572917 0.525000 0.577083 0.529167 0.579167 0.529167 0.581250 0.531250 0.587500 0.531250 0.581250 0.531250 0.579167 0.529167 0.577083 0.529167 0.572917 0.525000 0.570833 0.525000 0.568750 0.522917 0.564583 0.522917
0 0.458333 0.497917 0.460417 0.500000 0.462500 0.500000 0.468750 0.506250 0.468750 0.508333 0.470833 0.510417 0.472917 0.510417 0.475000 0.512500 0.479167 0.512500 0.485417 0.518750 0.487500 0.518750 0.489583 0.520833 0.495833 0.520833 0.500000 0.525000 0.502083 0.525000 0.504167 0.522917 0.508333 0.522917 0.504167 0.522917 0.502083 0.525000 0.500000 0.525000 0.495833 0.520833 0.489583 0.520833 0.487500 0.518750 0.485417 0.518750 0.479167 0.512500 0.475000 0.512500 0.472917 0.510417 0.470833 0.510417 0.468750 0.508333 0.468750 0.506250 0.462500 0.500000 0.460417 0.500000
0 0.329167 0.458333 0.327083 0.460417 0.325000 0.460417 0.327083 0.460417
0 0.343750 0.443750 0.333333 0.454167 0.343750 0.443750 0.347917 0.443750 0.354167 0.450000 0.358333 0.450000 0.360417 0.452083 0.366667 0.452083 0.368750 0.454167 0.370833 0.454167 0.372917 0.456250 0.375000 0.456250 0.383333 0.464583 0.385417 0.464583 0.387500 0.466667 0.391667 0.466667 0.393750 0.468750 0.395833 0.468750 0.408333 0.481250 0.410417 0.481250 0.414583 0.485417 0.416667 0.485417 0.418750 0.487500 0.435417 0.487500 0.437500 0.489583 0.437500 0.491667 0.439583 0.493750 0.454167 0.493750 0.439583 0.493750 0.437500 0.491667 0.437500 0.489583 0.435417 0.487500 0.418750 0.487500 0.416667 0.485417 0.414583 0.485417 0.410417 0.481250 0.408333 0.481250 0.395833 0.468750 0.393750 0.468750 0.391667 0.466667 0.387500 0.466667 0.385417 0.464583 0.383333 0.464583 0.375000 0.456250 0.372917 0.456250 0.370833 0.454167 0.368750 0.454167 0.366667 0.452083 0.360417 0.452083 0.358333 0.450000 0.354167 0.450000 0.347917 0.443750
0 0.293750 0.443750 0.295833 0.443750 0.302083 0.450000 0.308333 0.450000 0.310417 0.452083 0.312500 0.452083 0.316667 0.456250 0.318750 0.456250 0.320833 0.458333 0.318750 0.456250 0.316667 0.456250 0.312500 0.452083 0.310417 0.452083 0.308333 0.450000 0.302083 0.450000 0.295833 0.443750
0 0.214583 0.425000 0.216667 0.425000 0.218750 0.427083 0.220833 0.427083 0.222917 0.429167 0.231250 0.429167 0.233333 0.431250 0.239583 0.431250 0.241667 0.433333 0.243750 0.433333 0.245833 0.435417 0.258333 0.435417 0.260417 0.433333 0.262500 0.433333 0.264583 0.435417 0.270833 0.435417 0.272917 0.437500 0.275000 0.437500 0.277083 0.439583 0.283333 0.439583 0.285417 0.441667 0.287500 0.441667 0.289583 0.443750 0.287500 0.441667 0.285417 0.441667 0.283333 0.439583 0.277083 0.439583 0.275000 0.437500 0.272917 0.437500 0.270833 0.435417 0.264583 0.435417 0.262500 0.433333 0.260417 0.433333 0.258333 0.435417 0.245833 0.435417 0.243750 0.433333 0.241667 0.433333 0.239583 0.431250 0.233333 0.431250 0.231250 0.429167 0.222917 0.429167 0.218750 0.425000
0 0.068750 0.381250 0.062500 0.387500 0.062500 0.389583 0.058333 0.393750 0.056250 0.393750 0.050000 0.387500 0.056250 0.393750 0.058333 0.393750 0.062500 0.389583 0.062500 0.387500 0.068750 0.381250 0.072917 0.381250 0.075000 0.383333 0.083333 0.383333 0.085417 0.381250 0.091667 0.381250 0.093750 0.383333 0.106250 0.383333 0.108333 0.385417 0.110417 0.385417 0.112500 0.387500 0.114583 0.387500 0.116667 0.389583 0.122917 0.389583 0.127083 0.393750 0.131250 0.393750 0.133333 0.395833 0.135417 0.395833 0.137500 0.397917 0.143750 0.397917 0.152083 0.406250 0.162500 0.406250 0.164583 0.408333 0.187500 0.408333 0.191667 0.412500 0.193750 0.412500 0.195833 0.414583 0.200000 0.414583 0.202083 0.416667 0.204167 0.416667 0.208333 0.420833 0.210417 0.420833 0.208333 0.420833 0.204167 0.416667 0.202083 0.416667 0.200000 0.414583 0.195833 0.414583 0.193750 0.412500 0.191667 0.412500 0.187500 0.408333 0.164583 0.408333 0.162500 0.406250 0.152083 0.406250 0.143750 0.397917 0.137500 0.397917 0.135417 0.395833 0.133333 0.395833 0.131250 0.393750 0.127083 0.393750 0.122917 0.389583 0.116667 0.389583 0.114583 0.387500 0.112500 0.387500 0.110417 0.385417 0.108333 0.385417 0.106250 0.383333 0.093750 0.383333 0.091667 0.381250 0.085417 0.381250 0.083333 0.383333 0.075000 0.383333 0.072917 0.381250
0 0.020833 0.377083 0.018750 0.379167 0.010417 0.379167 0.008333 0.381250 0.000000 0.381250 0.008333 0.381250 0.010417 0.379167 0.018750 0.379167 0.020833 0.377083 0.029167 0.377083 0.031250 0.379167 0.033333 0.379167 0.035417 0.381250 0.041667 0.381250 0.043750 0.383333 0.045833 0.383333 0.043750 0.383333 0.041667 0.381250 0.035417 0.381250 0.031250 0.377083