0 0.041667 0.558333 0.041667 0.560417 0.037500 0.564583 0.037500 0.566667 0.035417 0.568750 0.035417 0.579167 0.033333 0.581250 0.033333 0.585417 0.031250 0.587500 0.031250 0.589583 0.027083 0.593750 0.025000 0.593750 0.025000 0.600000 0.022917 0.602083 0.022917 0.604167 0.020833 0.606250 0.020833 0.620833 0.018750 0.622917 0.018750 0.625000 0.014583 0.629167 0.014583 0.631250 0.014583 0.629167 0.018750 0.625000 0.018750 0.622917 0.020833 0.620833 0.020833 0.606250 0.022917 0.604167 0.022917 0.602083 0.025000 0.600000 0.025000 0.595833 0.031250 0.589583 0.031250 0.587500 0.033333 0.585417 0.033333 0.581250 0.035417 0.579167 0.035417 0.568750 0.037500 0.566667 0.037500 0.564583 0.039583 0.562500 0.041667 0.562500
0 0.052083 0.512500 0.047917 0.516667 0.047917 0.518750 0.039583 0.527083 0.039583 0.533333 0.037500 0.535417 0.037500 0.539583 0.035417 0.541667 0.035417 0.543750 0.037500 0.545833 0.037500 0.554167 0.037500 0.545833 0.035417 0.543750 0.035417 0.541667 0.037500 0.539583 0.037500 0.535417 0.041667 0.531250 0.039583 0.529167 0.039583 0.527083 0.047917 0.518750 0.047917 0.516667
0 0.045833 0.464583 0.045833 0.466667 0.047917 0.468750 0.047917 0.477083 0.050000 0.479167 0.050000 0.481250 0.056250 0.487500 0.056250 0.495833 0.060417 0.500000 0.060417 0.502083 0.056250 0.506250 0.056250 0.508333 0.056250 0.506250 0.060417 0.502083 0.060417 0.500000 0.056250 0.495833 0.056250 0.487500 0.050000 0.481250 0.050000 0.479167 0.047917 0.477083 0.047917 0.468750 0.045833 0.466667
0 0.039583 0.435417 0.037500 0.437500 0.037500 0.443750 0.041667 0.447917 0.041667 0.450000 0.039583 0.452083 0.039583 0.454167 0.043750 0.458333 0.043750 0.460417 0.043750 0.458333 0.039583 0.454167 0.039583 0.452083 0.041667 0.450000 0.041667 0.447917 0.037500 0.443750 0.037500 0.437500
0 0.062500 0.379167 0.062500 0.381250 0.060417 0.383333 0.060417 0.385417 0.056250 0.389583 0.056250 0.406250 0.045833 0.416667 0.045833 0.422917 0.043750 0.425000 0.043750 0.427083 0.039583 0.431250 0.043750 0.427083 0.043750 0.425000 0.045833 0.422917 0.045833 0.416667 0.056250 0.406250 0.056250 0.389583 0.060417 0.385417 0.060417 0.383333 0.062500 0.381250
0 0.085417 0.341667 0.083333 0.343750 0.081250 0.343750 0.077083 0.347917 0.077083 0.356250 0.075000 0.358333 0.075000 0.362500 0.070833 0.366667 0.070833 0.368750 0.064583 0.375000 0.070833 0.368750 0.070833 0.366667 0.075000 0.362500 0.075000 0.358333 0.077083 0.356250 0.077083 0.347917 0.081250 0.343750 0.083333 0.343750
0 0.106250 0.308333 0.106250 0.310417 0.104167 0.312500 0.104167 0.316667 0.106250 0.318750 0.093750 0.331250 0.093750 0.333333 0.089583 0.337500 0.093750 0.333333 0.093750 0.331250 0.106250 0.318750 0.104167 0.316667 0.104167 0.312500 0.106250 0.310417
0 0.125000 0.272917 0.125000 0.277083 0.122917 0.279167 0.122917 0.281250 0.125000 0.283333 0.125000 0.285417 0.122917 0.287500 0.122917 0.289583 0.108333 0.304167 0.122917 0.289583 0.122917 0.287500 0.125000 0.285417 0.125000 0.281250 0.122917 0.279167 0.125000 0.277083
0 0.681250 0.258333 0.679167 0.260417 0.675000 0.260417 0.679167 0.260417
0 0.633333 0.256250 0.635417 0.258333 0.641667 0.258333 0.643750 0.256250 0.652083 0.256250 0.656250 0.260417 0.670833 0.260417 0.656250 0.260417 0.652083 0.256250 0.643750 0.256250 0.641667 0.258333 0.635417 0.258333
0 0.781250 0.166667 0.781250 0.168750 0.762500 0.187500 0.760417 0.187500 0.750000 0.197917 0.750000 0.200000 0.731250 0.218750 0.729167 0.218750 0.718750 0.229167 0.718750 0.231250 0.700000 0.250000 0.697917 0.250000 0.689583 0.258333 0.685417 0.258333 0.689583 0.258333 0.697917 0.250000 0.700000 0.250000 0.718750 0.231250 0.718750 0.229167 0.729167 0.218750 0.731250 0.218750 0.750000 0.200000 0.750000 0.197917 0.760417 0.187500 0.762500 0.187500 0.781250 0.168750
0 0.795833 0.156250 0.787500 0.164583 0.785417 0.164583 0.787500 0.164583
0 0.806250 0.125000 0.804167 0.127083 0.804167 0.131250 0.797917 0.137500 0.800000 0.139583 0.800000 0.154167 0.800000 0.139583 0.797917 0.137500 0.804167 0.131250 0.804167 0.127083
0 0.881250 0.056250 0.872917 0.064583 0.868750 0.064583 0.866667 0.066667 0.864583 0.066667 0.860417 0.070833 0.850000 0.070833 0.845833 0.075000 0.843750 0.075000 0.843750 0.077083 0.839583 0.081250 0.837500 0.081250 0.835417 0.083333 0.831250 0.083333 0.829167 0.085417 0.825000 0.081250 0.822917 0.083333 0.820833 0.083333 0.820833 0.087500 0.818750 0.089583 0.818750 0.091667 0.814583 0.095833 0.814583 0.097917 0.812500 0.100000 0.812500 0.112500 0.810417 0.114583 0.810417 0.116667 0.806250 0.120833 0.810417 0.116667 0.810417 0.114583 0.812500 0.112500 0.812500 0.100000 0.814583 0.097917 0.814583 0.095833 0.818750 0.091667 0.818750 0.089583 0.820833 0.087500 0.820833 0.085417 0.825000 0.081250 0.829167 0.085417 0.831250 0.083333 0.835417 0.083333 0.837500 0.081250 0.839583 0.081250 0.850000 0.070833 0.860417 0.070833 0.864583 0.066667 0.866667 0.066667 0.868750 0.064583 0.872917 0.064583
0 0.983333 0.004167 0.981250 0.006250 0.979167 0.006250 0.975000 0.010417 0.972917 0.010417 0.970833 0.012500 0.968750 0.012500 0.966667 0.014583 0.960417 0.014583 0.954167 0.020833 0.952083 0.020833 0.947917 0.025000 0.937500 0.025000 0.935417 0.022917 0.929167 0.022917 0.927083 0.025000 0.910417 0.025000 0.908333 0.027083 0.906250 0.025000 0.906250 0.029167 0.904167 0.031250 0.902083 0.031250 0.893750 0.039583 0.893750 0.041667 0.889583 0.045833 0.889583 0.047917 0.885417 0.052083 0.889583 0.047917 0.889583 0.045833 0.893750 0.041667 0.893750 0.039583 0.902083 0.031250 0.904167 0.031250 0.910417 0.025000 0.927083 0.025000 0.929167 0.022917 0.935417 0.022917 0.937500 0.025000 0.947917 0.025000 0.950000 0.022917 0.952083 0.022917 0.960417 0.014583 0.968750 0.014583 0.972917 0.010417 0.975000 0.010417 0.979167 0.006250 0.981250 0.006250