0 0.527083 0.883333 0.527083 0.893750 0.525000 0.895833 0.525000 0.897917 0.522917 0.900000 0.522917 0.910417 0.525000 0.912500 0.522917 0.910417 0.522917 0.900000 0.525000 0.897917 0.525000 0.895833 0.527083 0.893750
0 0.508333 0.872917 0.506250 0.875000 0.504167 0.875000 0.502083 0.877083 0.502083 0.895833 0.504167 0.897917 0.504167 0.904167 0.506250 0.906250 0.506250 0.922917 0.508333 0.925000 0.508333 0.964583 0.504167 0.968750 0.502083 0.968750 0.500000 0.970833 0.500000 0.972917 0.479167 0.993750 0.500000 0.972917 0.500000 0.970833 0.502083 0.968750 0.504167 0.968750 0.508333 0.964583 0.508333 0.925000 0.506250 0.922917 0.506250 0.906250 0.504167 0.904167 0.504167 0.897917 0.502083 0.895833 0.502083 0.877083 0.504167 0.875000 0.506250 0.875000
0 0.543750 0.816667 0.543750 0.820833 0.537500 0.827083 0.537500 0.833333 0.535417 0.835417 0.535417 0.841667 0.533333 0.843750 0.533333 0.850000 0.531250 0.852083 0.531250 0.870833 0.529167 0.872917 0.529167 0.875000 0.527083 0.877083 0.527083 0.879167 0.527083 0.877083 0.529167 0.875000 0.529167 0.872917 0.531250 0.870833 0.531250 0.852083 0.533333 0.850000 0.533333 0.845833 0.535417 0.843750 0.535417 0.835417 0.537500 0.833333 0.537500 0.827083 0.543750 0.820833
0 0.506250 0.810417 0.506250 0.825000 0.508333 0.827083 0.508333 0.866667 0.506250 0.868750 0.508333 0.866667 0.508333 0.827083 0.506250 0.825000
0 0.547917 0.789583 0.547917 0.791667 0.545833 0.793750 0.545833 0.812500 0.545833 0.793750 0.547917 0.791667
0 0.543750 0.772917 0.545833 0.775000 0.545833 0.779167 0.547917 0.781250 0.547917 0.785417 0.547917 0.781250 0.545833 0.779167 0.545833 0.775000
0 0.512500 0.768750 0.512500 0.770833 0.510417 0.772917 0.510417 0.791667 0.508333 0.793750 0.508333 0.806250 0.508333 0.793750 0.510417 0.791667 0.510417 0.772917 0.512500 0.770833
0 0.510417 0.693750 0.510417 0.695833 0.512500 0.697917 0.512500 0.704167 0.514583 0.706250 0.514583 0.710417 0.518750 0.714583 0.518750 0.716667 0.522917 0.720833 0.522917 0.729167 0.514583 0.737500 0.527083 0.750000 0.529167 0.750000 0.531250 0.752083 0.531250 0.754167 0.541667 0.764583 0.531250 0.754167 0.531250 0.752083 0.529167 0.750000 0.527083 0.750000 0.514583 0.737500 0.522917 0.729167 0.522917 0.718750 0.520833 0.718750 0.518750 0.716667 0.518750 0.714583 0.514583 0.710417 0.514583 0.706250 0.512500 0.704167 0.512500 0.697917 0.510417 0.695833
0 0.514583 0.568750 0.514583 0.577083 0.516667 0.579167 0.516667 0.581250 0.518750 0.583333 0.518750 0.587500 0.520833 0.589583 0.520833 0.593750 0.522917 0.595833 0.522917 0.597917 0.525000 0.600000 0.525000 0.602083 0.527083 0.604167 0.527083 0.614583 0.525000 0.616667 0.525000 0.622917 0.522917 0.625000 0.522917 0.635417 0.525000 0.637500 0.525000 0.656250 0.512500 0.668750 0.512500 0.683333 0.510417 0.685417 0.510417 0.689583 0.510417 0.685417 0.512500 0.683333 0.512500 0.668750 0.525000 0.656250 0.525000 0.637500 0.522917 0.635417 0.522917 0.625000 0.525000 0.622917 0.525000 0.616667 0.527083 0.614583 0.527083 0.604167 0.525000 0.602083 0.525000 0.600000 0.522917 0.597917 0.522917 0.593750 0.520833 0.591667 0.520833 0.589583 0.518750 0.587500 0.518750 0.583333 0.516667 0.581250 0.516667 0.579167 0.514583 0.577083
0 0.531250 0.506250 0.531250 0.512500 0.533333 0.514583 0.533333 0.529167 0.531250 0.531250 0.531250 0.537500 0.529167 0.539583 0.529167 0.541667 0.522917 0.547917 0.522917 0.552083 0.520833 0.554167 0.520833 0.558333 0.516667 0.562500 0.514583 0.562500 0.514583 0.564583 0.520833 0.558333 0.520833 0.554167 0.522917 0.552083 0.522917 0.547917 0.529167 0.541667 0.529167 0.539583 0.531250 0.537500 0.531250 0.533333 0.533333 0.531250 0.533333 0.514583 0.531250 0.512500
0 0.543750 0.333333 0.543750 0.335417 0.539583 0.339583 0.539583 0.347917 0.537500 0.350000 0.537500 0.356250 0.535417 0.358333 0.535417 0.395833 0.533333 0.397917 0.533333 0.418750 0.535417 0.420833 0.535417 0.433333 0.533333 0.435417 0.533333 0.481250 0.531250 0.483333 0.531250 0.502083 0.531250 0.483333 0.533333 0.481250 0.533333 0.435417 0.535417 0.433333 0.535417 0.420833 0.533333 0.418750 0.533333 0.397917 0.535417 0.395833 0.535417 0.358333 0.537500 0.356250 0.537500 0.350000 0.539583 0.347917 0.539583 0.339583 0.543750 0.335417
0 0.543750 0.291667 0.543750 0.300000 0.541667 0.302083 0.541667 0.304167 0.543750 0.306250 0.543750 0.312500 0.545833 0.314583 0.545833 0.329167 0.545833 0.314583 0.543750 0.312500 0.543750 0.306250 0.541667 0.304167 0.541667 0.302083 0.543750 0.300000
0 0.547917 0.268750 0.545833 0.270833 0.545833 0.285417 0.545833 0.270833
0 0.547917 0.247917 0.552083 0.252083 0.552083 0.262500 0.550000 0.264583 0.552083 0.262500 0.552083 0.250000 0.550000 0.250000
0 0.516667 0.212500 0.516667 0.231250 0.514583 0.233333 0.514583 0.235417 0.516667 0.237500 0.516667 0.239583 0.518750 0.237500 0.529167 0.247917 0.531250 0.247917 0.541667 0.237500 0.547917 0.243750 0.541667 0.237500 0.531250 0.247917 0.529167 0.247917 0.514583 0.233333 0.516667 0.231250
0 0.508333 0.175000 0.510417 0.177083 0.510417 0.195833 0.514583 0.200000 0.514583 0.204167 0.516667 0.206250 0.516667 0.208333 0.516667 0.206250 0.514583 0.204167 0.514583 0.200000 0.510417 0.195833 0.510417 0.177083
0 0.500000 0.122917 0.502083 0.125000 0.502083 0.145833 0.504167 0.147917 0.504167 0.154167 0.506250 0.156250 0.506250 0.168750 0.508333 0.170833 0.506250 0.168750 0.506250 0.156250 0.504167 0.154167 0.504167 0.147917 0.502083 0.145833 0.502083 0.125000
0 0.506250 0.102083 0.506250 0.104167 0.500000 0.110417 0.500000 0.112500 0.500000 0.110417 0.506250 0.104167
0 0.510417 0.018750 0.510417 0.022917 0.512500 0.025000 0.512500 0.031250 0.514583 0.033333 0.514583 0.037500 0.516667 0.039583 0.516667 0.043750 0.518750 0.045833 0.518750 0.066667 0.510417 0.075000 0.510417 0.079167 0.508333 0.081250 0.508333 0.083333 0.512500 0.087500 0.512500 0.093750 0.508333 0.097917 0.512500 0.093750 0.512500 0.087500 0.508333 0.083333 0.508333 0.081250 0.510417 0.079167 0.510417 0.075000 0.518750 0.066667 0.518750 0.045833 0.516667 0.043750 0.516667 0.039583 0.514583 0.037500 0.514583 0.033333 0.512500 0.031250 0.512500 0.025000 0.510417 0.022917
0 0.506250 0.000000 0.508333 0.002083 0.508333 0.000000