0 0.333333 0.766667 0.343750 0.777083 0.343750 0.779167 0.345833 0.781250 0.347917 0.781250 0.362500 0.795833 0.362500 0.816667 0.366667 0.820833 0.366667 0.829167 0.368750 0.831250 0.368750 0.833333 0.370833 0.835417 0.370833 0.839583 0.377083 0.845833 0.377083 0.847917 0.379167 0.850000 0.379167 0.852083 0.381250 0.854167 0.381250 0.856250 0.383333 0.858333 0.383333 0.862500 0.385417 0.864583 0.385417 0.872917 0.379167 0.879167 0.379167 0.904167 0.377083 0.906250 0.375000 0.906250 0.375000 0.918750 0.372917 0.920833 0.372917 0.922917 0.370833 0.925000 0.370833 0.935417 0.366667 0.939583 0.366667 0.941667 0.364583 0.943750 0.364583 0.945833 0.362500 0.947917 0.362500 0.954167 0.360417 0.956250 0.360417 0.970833 0.356250 0.975000 0.356250 0.981250 0.364583 0.989583 0.356250 0.981250 0.356250 0.975000 0.360417 0.970833 0.360417 0.956250 0.362500 0.954167 0.362500 0.947917 0.364583 0.945833 0.364583 0.943750 0.366667 0.941667 0.366667 0.939583 0.370833 0.935417 0.370833 0.925000 0.372917 0.922917 0.372917 0.920833 0.375000 0.918750 0.375000 0.908333 0.379167 0.904167 0.379167 0.879167 0.385417 0.872917 0.385417 0.864583 0.383333 0.862500 0.383333 0.858333 0.381250 0.856250 0.381250 0.854167 0.379167 0.852083 0.379167 0.850000 0.377083 0.847917 0.377083 0.845833 0.370833 0.839583 0.370833 0.835417 0.368750 0.833333 0.368750 0.831250 0.366667 0.829167 0.366667 0.820833 0.362500 0.816667 0.362500 0.795833 0.347917 0.781250 0.345833 0.781250 0.343750 0.779167 0.343750 0.777083
0 0.264583 0.683333 0.281250 0.700000 0.281250 0.710417 0.283333 0.712500 0.283333 0.714583 0.285417 0.716667 0.285417 0.718750 0.312500 0.745833 0.312500 0.747917 0.314583 0.750000 0.316667 0.750000 0.322917 0.756250 0.316667 0.750000 0.314583 0.750000 0.312500 0.747917 0.312500 0.745833 0.287500 0.720833 0.287500 0.718750 0.283333 0.714583 0.283333 0.712500 0.281250 0.710417 0.281250 0.700000
0 0.222917 0.641667 0.237500 0.656250 0.239583 0.656250 0.250000 0.666667 0.250000 0.668750 0.260417 0.679167 0.250000 0.668750 0.250000 0.666667 0.239583 0.656250 0.237500 0.656250
0 0.185417 0.585417 0.185417 0.587500 0.183333 0.589583 0.183333 0.591667 0.185417 0.593750 0.185417 0.602083 0.187500 0.604167 0.187500 0.606250 0.206250 0.625000 0.208333 0.625000 0.218750 0.635417 0.218750 0.637500 0.218750 0.635417 0.208333 0.625000 0.206250 0.625000 0.187500 0.606250 0.187500 0.604167 0.185417 0.602083 0.185417 0.593750 0.183333 0.591667 0.183333 0.589583 0.185417 0.587500
0 0.172917 0.552083 0.172917 0.560417 0.179167 0.566667 0.179167 0.568750 0.185417 0.575000 0.185417 0.581250 0.185417 0.575000 0.179167 0.568750 0.179167 0.566667 0.172917 0.560417
0 0.158333 0.531250 0.160417 0.531250 0.170833 0.541667 0.170833 0.547917 0.170833 0.541667 0.160417 0.531250
0 0.133333 0.497917 0.131250 0.500000 0.131250 0.502083 0.156250 0.527083 0.131250 0.502083 0.131250 0.500000
0 0.156250 0.418750 0.156250 0.420833 0.154167 0.422917 0.154167 0.429167 0.150000 0.433333 0.150000 0.445833 0.147917 0.447917 0.147917 0.450000 0.145833 0.452083 0.145833 0.460417 0.143750 0.462500 0.143750 0.466667 0.141667 0.468750 0.141667 0.475000 0.137500 0.479167 0.137500 0.481250 0.135417 0.483333 0.135417 0.491667 0.135417 0.483333 0.137500 0.481250 0.137500 0.479167 0.141667 0.475000 0.141667 0.468750 0.143750 0.466667 0.143750 0.462500 0.145833 0.460417 0.145833 0.452083 0.147917 0.450000 0.147917 0.447917 0.150000 0.445833 0.150000 0.433333 0.154167 0.429167 0.154167 0.422917 0.156250 0.420833
0 0.166667 0.385417 0.166667 0.404167 0.164583 0.406250 0.164583 0.408333 0.160417 0.412500 0.160417 0.414583 0.160417 0.412500 0.164583 0.408333 0.164583 0.406250 0.166667 0.404167
0 0.177083 0.333333 0.177083 0.335417 0.179167 0.337500 0.179167 0.341667 0.181250 0.343750 0.181250 0.352083 0.179167 0.354167 0.179167 0.360417 0.177083 0.362500 0.177083 0.364583 0.179167 0.366667 0.179167 0.372917 0.172917 0.379167 0.177083 0.375000 0.179167 0.375000 0.179167 0.366667 0.177083 0.364583 0.177083 0.362500 0.179167 0.360417 0.179167 0.354167 0.181250 0.352083 0.181250 0.343750 0.179167 0.341667 0.179167 0.337500 0.177083 0.335417
0 0.216667 0.287500 0.191667 0.312500 0.189583 0.312500 0.189583 0.314583 0.187500 0.316667 0.187500 0.318750 0.177083 0.329167 0.187500 0.318750 0.187500 0.316667
0 0.218750 0.072917 0.218750 0.089583 0.206250 0.102083 0.206250 0.110417 0.208333 0.112500 0.208333 0.114583 0.210417 0.116667 0.210417 0.120833 0.212500 0.122917 0.210417 0.125000 0.210417 0.145833 0.208333 0.147917 0.208333 0.154167 0.204167 0.158333 0.204167 0.168750 0.206250 0.170833 0.206250 0.195833 0.204167 0.197917 0.204167 0.210417 0.193750 0.220833 0.193750 0.241667 0.195833 0.243750 0.195833 0.247917 0.202083 0.254167 0.202083 0.256250 0.206250 0.260417 0.206250 0.262500 0.214583 0.270833 0.206250 0.262500 0.206250 0.260417 0.202083 0.256250 0.202083 0.254167 0.200000 0.252083 0.200000 0.250000 0.197917 0.250000 0.195833 0.247917 0.195833 0.243750 0.193750 0.241667 0.193750 0.220833 0.204167 0.210417 0.204167 0.197917 0.206250 0.195833 0.206250 0.170833 0.204167 0.168750 0.204167 0.158333 0.208333 0.154167 0.208333 0.147917 0.210417 0.145833 0.210417 0.125000 0.212500 0.122917 0.210417 0.120833 0.210417 0.116667 0.208333 0.114583 0.208333 0.112500 0.206250 0.110417 0.206250 0.102083 0.214583 0.093750 0.216667 0.093750 0.216667 0.091667 0.218750 0.089583
0 0.191667 0.002083 0.191667 0.010417 0.189583 0.012500 0.195833 0.018750 0.204167 0.018750 0.212500 0.027083 0.212500 0.045833 0.210417 0.047917 0.210417 0.050000 0.208333 0.052083 0.208333 0.054167 0.210417 0.056250 0.210417 0.058333 0.212500 0.060417 0.212500 0.062500 0.214583 0.062500 0.216667 0.064583 0.216667 0.068750 0.216667 0.064583 0.210417 0.058333 0.210417 0.056250 0.208333 0.054167 0.208333 0.052083 0.210417 0.050000 0.210417 0.047917 0.212500 0.045833 0.212500 0.027083 0.204167 0.018750 0.195833 0.018750 0.189583 0.012500 0.191667 0.010417