0 0.570833 0.947917 0.570833 0.966667 0.568750 0.968750 0.568750 0.981250 0.570833 0.983333 0.570833 0.989583 0.570833 0.983333 0.568750 0.981250 0.568750 0.970833 0.570833 0.968750
0 0.564583 0.933333 0.570833 0.939583 0.570833 0.943750 0.570833 0.937500 0.568750 0.937500
0 0.558333 0.816667 0.558333 0.825000 0.560417 0.827083 0.560417 0.831250 0.562500 0.833333 0.562500 0.839583 0.560417 0.841667 0.560417 0.877083 0.562500 0.879167 0.562500 0.885417 0.570833 0.893750 0.570833 0.908333 0.572917 0.910417 0.572917 0.918750 0.570833 0.920833 0.570833 0.922917 0.564583 0.929167 0.570833 0.922917 0.570833 0.920833 0.572917 0.918750 0.572917 0.910417 0.570833 0.908333 0.570833 0.893750 0.562500 0.885417 0.562500 0.879167 0.560417 0.877083 0.560417 0.845833 0.562500 0.843750 0.560417 0.841667 0.562500 0.839583 0.562500 0.833333 0.560417 0.831250 0.560417 0.827083 0.558333 0.825000
0 0.543750 0.745833 0.543750 0.750000 0.545833 0.752083 0.545833 0.760417 0.547917 0.762500 0.547917 0.766667 0.550000 0.768750 0.550000 0.770833 0.552083 0.772917 0.552083 0.777083 0.554167 0.779167 0.552083 0.781250 0.552083 0.797917 0.554167 0.800000 0.554167 0.812500 0.556250 0.812500 0.554167 0.810417 0.554167 0.800000 0.552083 0.797917 0.552083 0.781250 0.554167 0.779167 0.552083 0.777083 0.552083 0.772917 0.550000 0.770833 0.550000 0.768750 0.547917 0.766667 0.547917 0.762500 0.545833 0.760417 0.545833 0.752083 0.543750 0.750000
0 0.537500 0.735417 0.539583 0.737500 0.539583 0.739583 0.541667 0.741667 0.539583 0.739583 0.539583 0.737500
0 0.437500 0.520833 0.437500 0.550000 0.435417 0.552083 0.435417 0.560417 0.433333 0.562500 0.433333 0.568750 0.437500 0.572917 0.437500 0.579167 0.443750 0.585417 0.443750 0.587500 0.450000 0.593750 0.452083 0.593750 0.456250 0.597917 0.456250 0.600000 0.458333 0.602083 0.458333 0.622917 0.456250 0.625000 0.456250 0.635417 0.458333 0.637500 0.458333 0.641667 0.460417 0.643750 0.460417 0.645833 0.462500 0.647917 0.462500 0.654167 0.464583 0.656250 0.464583 0.660417 0.466667 0.662500 0.466667 0.668750 0.468750 0.670833 0.468750 0.677083 0.470833 0.679167 0.470833 0.685417 0.472917 0.687500 0.472917 0.708333 0.470833 0.710417 0.470833 0.714583 0.475000 0.718750 0.477083 0.718750 0.481250 0.722917 0.477083 0.718750 0.475000 0.718750 0.470833 0.714583 0.470833 0.710417 0.472917 0.708333 0.472917 0.687500 0.470833 0.685417 0.470833 0.679167 0.468750 0.677083 0.468750 0.670833 0.466667 0.668750 0.466667 0.662500 0.464583 0.660417 0.464583 0.656250 0.462500 0.654167 0.462500 0.647917 0.460417 0.645833 0.460417 0.643750 0.458333 0.641667 0.458333 0.637500 0.456250 0.635417 0.456250 0.625000 0.458333 0.622917 0.458333 0.602083 0.456250 0.600000 0.456250 0.597917 0.452083 0.593750 0.450000 0.593750 0.443750 0.587500 0.443750 0.585417 0.437500 0.579167 0.437500 0.572917 0.433333 0.568750 0.433333 0.562500 0.435417 0.560417 0.435417 0.552083 0.437500 0.550000
0 0.416667 0.458333 0.416667 0.464583 0.418750 0.466667 0.418750 0.468750 0.422917 0.472917 0.422917 0.477083 0.425000 0.479167 0.425000 0.481250 0.431250 0.487500 0.431250 0.506250 0.435417 0.510417 0.435417 0.516667 0.435417 0.510417 0.431250 0.506250 0.431250 0.487500 0.425000 0.481250 0.425000 0.479167 0.422917 0.477083 0.422917 0.472917 0.418750 0.468750 0.418750 0.466667 0.416667 0.464583
0 0.310417 0.191667 0.310417 0.197917 0.312500 0.200000 0.310417 0.202083 0.310417 0.208333 0.312500 0.210417 0.312500 0.216667 0.316667 0.220833 0.316667 0.227083 0.318750 0.229167 0.318750 0.235417 0.320833 0.237500 0.320833 0.252083 0.327083 0.258333 0.327083 0.262500 0.343750 0.279167 0.343750 0.285417 0.345833 0.287500 0.345833 0.300000 0.347917 0.302083 0.347917 0.304167 0.350000 0.306250 0.350000 0.308333 0.352083 0.310417 0.352083 0.325000 0.354167 0.327083 0.354167 0.333333 0.356250 0.335417 0.356250 0.350000 0.360417 0.354167 0.360417 0.362500 0.362500 0.364583 0.362500 0.379167 0.375000 0.391667 0.375000 0.395833 0.381250 0.402083 0.381250 0.406250 0.383333 0.408333 0.383333 0.410417 0.387500 0.414583 0.387500 0.416667 0.391667 0.420833 0.391667 0.422917 0.412500 0.443750 0.412500 0.447917 0.416667 0.452083 0.416667 0.454167 0.416667 0.452083 0.412500 0.447917 0.412500 0.443750 0.391667 0.422917 0.391667 0.420833 0.387500 0.416667 0.387500 0.414583 0.383333 0.410417 0.383333 0.408333 0.381250 0.406250 0.381250 0.402083 0.375000 0.395833 0.375000 0.391667 0.362500 0.379167 0.362500 0.364583 0.360417 0.362500 0.360417 0.354167 0.356250 0.350000 0.356250 0.335417 0.354167 0.333333 0.354167 0.327083 0.352083 0.325000 0.352083 0.310417 0.350000 0.308333 0.350000 0.306250 0.347917 0.304167 0.347917 0.302083 0.345833 0.300000 0.345833 0.287500 0.343750 0.285417 0.343750 0.279167 0.327083 0.262500 0.327083 0.258333 0.320833 0.252083 0.320833 0.237500 0.318750 0.235417 0.318750 0.229167 0.316667 0.227083 0.316667 0.220833 0.312500 0.216667 0.312500 0.210417 0.310417 0.208333 0.310417 0.202083 0.312500 0.200000 0.310417 0.197917
0 0.293750 0.175000 0.300000 0.181250 0.300000 0.183333 0.304167 0.187500 0.306250 0.187500 0.304167 0.187500 0.300000 0.183333 0.300000 0.181250
0 0.277083 0.060417 0.277083 0.075000 0.279167 0.077083 0.279167 0.093750 0.277083 0.095833 0.277083 0.116667 0.275000 0.118750 0.275000 0.135417 0.277083 0.137500 0.277083 0.139583 0.279167 0.141667 0.279167 0.143750 0.281250 0.145833 0.281250 0.152083 0.283333 0.154167 0.283333 0.164583 0.289583 0.170833 0.283333 0.164583 0.283333 0.154167 0.281250 0.152083 0.281250 0.145833 0.279167 0.143750 0.279167 0.141667 0.277083 0.139583 0.277083 0.137500 0.275000 0.135417 0.275000 0.118750 0.277083 0.116667 0.277083 0.095833 0.279167 0.093750 0.279167 0.077083 0.277083 0.075000
0 0.256250 0.000000 0.258333 0.000000 0.260417 0.002083 0.258333 0.004167 0.258333 0.012500 0.260417 0.014583 0.260417 0.020833 0.262500 0.022917 0.262500 0.031250 0.264583 0.031250 0.275000 0.041667 0.275000 0.050000 0.277083 0.052083 0.277083 0.056250 0.277083 0.052083 0.275000 0.050000 0.275000 0.041667 0.262500 0.029167 0.262500 0.022917 0.260417 0.020833 0.260417 0.014583 0.258333 0.012500 0.258333 0.004167 0.260417 0.002083 0.258333 0.000000