0 0.243750 0.512500 0.237500 0.518750 0.233333 0.518750 0.231250 0.520833 0.229167 0.520833 0.227083 0.522917 0.222917 0.522917 0.218750 0.527083 0.218750 0.529167 0.216667 0.531250 0.214583 0.531250 0.200000 0.545833 0.214583 0.531250 0.216667 0.531250 0.218750 0.529167 0.218750 0.527083 0.222917 0.522917 0.227083 0.522917 0.229167 0.520833 0.231250 0.520833 0.233333 0.518750 0.237500 0.518750
0 0.250000 0.504167 0.250000 0.506250 0.247917 0.508333 0.250000 0.506250
0 0.687500 0.443750 0.685417 0.445833 0.670833 0.445833 0.685417 0.445833 0.687500 0.443750 0.700000 0.443750 0.702083 0.445833 0.704167 0.443750 0.702083 0.445833 0.700000 0.443750
0 0.341667 0.443750 0.335417 0.450000 0.325000 0.450000 0.316667 0.458333 0.312500 0.458333 0.312500 0.460417 0.310417 0.462500 0.302083 0.462500 0.297917 0.466667 0.295833 0.466667 0.293750 0.468750 0.291667 0.468750 0.289583 0.470833 0.287500 0.470833 0.285417 0.472917 0.281250 0.472917 0.281250 0.475000 0.256250 0.500000 0.254167 0.500000 0.256250 0.500000 0.283333 0.472917 0.285417 0.472917 0.287500 0.470833 0.289583 0.470833 0.291667 0.468750 0.293750 0.468750 0.295833 0.466667 0.297917 0.466667 0.302083 0.462500 0.310417 0.462500 0.314583 0.458333 0.316667 0.458333 0.325000 0.450000 0.335417 0.450000 0.341667 0.443750 0.345833 0.443750
0 0.714583 0.439583 0.712500 0.441667 0.708333 0.441667 0.712500 0.441667 0.714583 0.439583 0.716667 0.439583 0.718750 0.441667 0.720833 0.441667 0.722917 0.443750 0.727083 0.443750 0.731250 0.447917 0.733333 0.445833 0.752083 0.445833 0.756250 0.441667 0.760417 0.441667 0.768750 0.450000 0.770833 0.450000 0.777083 0.456250 0.800000 0.456250 0.804167 0.452083 0.812500 0.452083 0.816667 0.456250 0.822917 0.456250 0.829167 0.450000 0.837500 0.458333 0.845833 0.458333 0.850000 0.462500 0.872917 0.462500 0.875000 0.464583 0.879167 0.460417 0.881250 0.460417 0.883333 0.458333 0.885417 0.458333 0.889583 0.462500 0.904167 0.462500 0.906250 0.460417 0.914583 0.460417 0.916667 0.462500 0.918750 0.462500 0.920833 0.464583 0.927083 0.464583 0.929167 0.466667 0.941667 0.466667 0.943750 0.468750 0.972917 0.468750 0.977083 0.464583 0.983333 0.464583 0.977083 0.464583 0.972917 0.468750 0.943750 0.468750 0.941667 0.466667 0.929167 0.466667 0.927083 0.464583 0.920833 0.464583 0.918750 0.462500 0.916667 0.462500 0.914583 0.460417 0.906250 0.460417 0.904167 0.462500 0.889583 0.462500 0.885417 0.458333 0.883333 0.458333 0.881250 0.460417 0.879167 0.460417 0.875000 0.464583 0.872917 0.462500 0.850000 0.462500 0.845833 0.458333 0.837500 0.458333 0.829167 0.450000 0.822917 0.456250 0.816667 0.456250 0.812500 0.452083 0.812500 0.450000 0.810417 0.452083 0.804167 0.452083 0.800000 0.456250 0.777083 0.456250 0.770833 0.450000 0.768750 0.450000 0.760417 0.441667 0.756250 0.441667 0.752083 0.445833 0.733333 0.445833 0.731250 0.447917 0.727083 0.443750 0.722917 0.443750 0.720833 0.441667 0.718750 0.441667 0.716667 0.439583
0 0.593750 0.404167 0.593750 0.418750 0.595833 0.420833 0.595833 0.435417 0.593750 0.437500 0.593750 0.439583 0.591667 0.441667 0.562500 0.441667 0.560417 0.443750 0.558333 0.443750 0.556250 0.441667 0.543750 0.441667 0.539583 0.437500 0.537500 0.437500 0.535417 0.435417 0.533333 0.437500 0.531250 0.435417 0.520833 0.435417 0.518750 0.433333 0.520833 0.435417 0.529167 0.435417 0.531250 0.437500 0.533333 0.437500 0.535417 0.435417 0.537500 0.437500 0.539583 0.437500 0.543750 0.441667 0.556250 0.441667 0.558333 0.443750 0.562500 0.443750 0.564583 0.441667 0.606250 0.441667 0.608333 0.443750 0.614583 0.443750 0.618750 0.439583 0.637500 0.439583 0.639583 0.441667 0.645833 0.441667 0.647917 0.443750 0.654167 0.443750 0.658333 0.447917 0.660417 0.447917 0.662500 0.445833 0.664583 0.445833 0.666667 0.443750 0.664583 0.445833 0.662500 0.445833 0.660417 0.447917 0.658333 0.447917 0.656250 0.445833 0.656250 0.443750 0.647917 0.443750 0.645833 0.441667 0.639583 0.441667 0.637500 0.439583 0.618750 0.439583 0.614583 0.443750 0.608333 0.443750 0.606250 0.441667 0.595833 0.441667 0.593750 0.439583 0.595833 0.437500 0.595833 0.420833 0.593750 0.418750
0 0.472917 0.404167 0.470833 0.406250 0.468750 0.406250 0.468750 0.408333 0.466667 0.410417 0.464583 0.410417 0.462500 0.412500 0.456250 0.412500 0.454167 0.414583 0.437500 0.414583 0.435417 0.416667 0.429167 0.416667 0.427083 0.418750 0.422917 0.418750 0.420833 0.420833 0.412500 0.420833 0.408333 0.425000 0.397917 0.425000 0.395833 0.427083 0.387500 0.427083 0.383333 0.431250 0.381250 0.431250 0.379167 0.433333 0.377083 0.433333 0.375000 0.435417 0.372917 0.435417 0.370833 0.437500 0.358333 0.437500 0.370833 0.437500 0.372917 0.435417 0.375000 0.435417 0.377083 0.433333 0.379167 0.433333 0.381250 0.431250 0.383333 0.431250 0.387500 0.427083 0.395833 0.427083 0.397917 0.425000 0.408333 0.425000 0.412500 0.420833 0.420833 0.420833 0.422917 0.418750 0.427083 0.418750 0.429167 0.416667 0.435417 0.416667 0.437500 0.414583 0.454167 0.414583 0.456250 0.412500 0.462500 0.412500 0.464583 0.410417 0.466667 0.410417 0.470833 0.406250 0.475000 0.406250 0.477083 0.404167 0.479167 0.406250 0.483333 0.406250 0.489583 0.412500 0.491667 0.412500 0.500000 0.420833 0.500000 0.422917 0.506250 0.429167 0.508333 0.429167 0.512500 0.433333 0.514583 0.433333 0.512500 0.433333 0.508333 0.429167 0.506250 0.429167 0.500000 0.422917 0.500000 0.420833 0.491667 0.412500 0.489583 0.412500 0.483333 0.406250 0.479167 0.406250 0.477083 0.404167
0 0.570833 0.289583 0.570833 0.291667 0.572917 0.293750 0.572917 0.310417 0.577083 0.314583 0.577083 0.320833 0.585417 0.329167 0.585417 0.366667 0.587500 0.368750 0.587500 0.375000 0.589583 0.375000 0.591667 0.377083 0.591667 0.379167 0.593750 0.381250 0.591667 0.383333 0.593750 0.385417 0.593750 0.400000 0.593750 0.381250 0.591667 0.379167 0.591667 0.377083 0.587500 0.372917 0.587500 0.368750 0.585417 0.366667 0.585417 0.329167 0.577083 0.320833 0.577083 0.314583 0.572917 0.310417 0.572917 0.293750 0.570833 0.291667
0 0.572917 0.245833 0.572917 0.247917 0.570833 0.250000 0.570833 0.285417 0.570833 0.250000 0.572917 0.247917
0 0.579167 0.225000 0.579167 0.227083 0.570833 0.235417 0.579167 0.227083
0 0.575000 0.193750 0.575000 0.195833 0.577083 0.197917 0.577083 0.216667 0.579167 0.218750 0.579167 0.220833 0.579167 0.218750 0.577083 0.216667 0.577083 0.197917 0.575000 0.195833
0 0.575000 0.085417 0.575000 0.091667 0.572917 0.093750 0.570833 0.093750 0.570833 0.106250 0.568750 0.108333 0.568750 0.139583 0.566667 0.141667 0.566667 0.164583 0.568750 0.166667 0.568750 0.168750 0.570833 0.170833 0.570833 0.181250 0.572917 0.183333 0.572917 0.185417 0.575000 0.187500 0.575000 0.189583 0.575000 0.187500 0.572917 0.185417 0.572917 0.183333 0.570833 0.181250 0.570833 0.170833 0.568750 0.168750 0.568750 0.166667 0.566667 0.164583 0.566667 0.141667 0.568750 0.139583 0.568750 0.108333 0.570833 0.106250 0.570833 0.095833 0.575000 0.091667
0 0.583333 0.054167 0.583333 0.060417 0.581250 0.062500 0.581250 0.064583 0.579167 0.066667 0.579167 0.068750 0.577083 0.070833 0.577083 0.079167 0.577083 0.070833 0.579167 0.068750 0.579167 0.066667 0.583333 0.062500
0 0.587500 0.012500 0.587500 0.029167 0.585417 0.031250 0.585417 0.045833 0.583333 0.047917 0.583333 0.050000 0.583333 0.047917 0.585417 0.045833 0.585417 0.033333 0.587500 0.031250