0 0.614583 0.918750 0.616667 0.920833 0.616667 0.922917 0.618750 0.925000 0.618750 0.931250 0.620833 0.933333 0.620833 0.935417 0.618750 0.937500 0.618750 0.950000 0.620833 0.952083 0.620833 0.958333 0.618750 0.960417 0.618750 0.962500 0.612500 0.968750 0.612500 0.975000 0.618750 0.981250 0.616667 0.983333 0.618750 0.981250 0.612500 0.975000 0.612500 0.968750 0.618750 0.962500 0.618750 0.960417 0.620833 0.958333 0.620833 0.952083 0.618750 0.950000 0.618750 0.937500 0.620833 0.935417 0.620833 0.933333 0.618750 0.931250 0.618750 0.925000 0.616667 0.922917 0.616667 0.920833
0 0.610417 0.868750 0.616667 0.875000 0.618750 0.875000 0.622917 0.879167 0.622917 0.883333 0.625000 0.885417 0.625000 0.887500 0.618750 0.893750 0.618750 0.895833 0.616667 0.897917 0.616667 0.904167 0.618750 0.906250 0.618750 0.908333 0.614583 0.912500 0.614583 0.914583 0.614583 0.912500 0.618750 0.908333 0.618750 0.906250 0.616667 0.904167 0.616667 0.897917 0.618750 0.895833 0.618750 0.893750 0.625000 0.887500 0.625000 0.885417 0.622917 0.883333 0.622917 0.879167 0.618750 0.875000 0.616667 0.875000
0 0.579167 0.806250 0.585417 0.812500 0.587500 0.812500 0.593750 0.818750 0.591667 0.820833 0.591667 0.827083 0.593750 0.829167 0.593750 0.837500 0.591667 0.839583 0.593750 0.841667 0.593750 0.843750 0.591667 0.845833 0.591667 0.847917 0.593750 0.850000 0.593750 0.852083 0.604167 0.862500 0.593750 0.852083 0.593750 0.850000 0.591667 0.847917 0.591667 0.845833 0.593750 0.843750 0.593750 0.841667 0.591667 0.839583 0.593750 0.837500 0.593750 0.829167 0.591667 0.827083 0.591667 0.820833 0.593750 0.818750 0.587500 0.812500 0.585417 0.812500
0 0.587500 0.716667 0.587500 0.718750 0.589583 0.720833 0.589583 0.731250 0.591667 0.733333 0.591667 0.737500 0.587500 0.741667 0.587500 0.750000 0.589583 0.752083 0.589583 0.754167 0.587500 0.756250 0.587500 0.758333 0.589583 0.760417 0.589583 0.764583 0.581250 0.772917 0.581250 0.775000 0.579167 0.777083 0.579167 0.779167 0.581250 0.781250 0.581250 0.783333 0.570833 0.793750 0.570833 0.797917 0.575000 0.802083 0.570833 0.797917 0.570833 0.793750 0.581250 0.783333 0.581250 0.781250 0.579167 0.779167 0.579167 0.777083 0.581250 0.775000 0.581250 0.772917 0.589583 0.764583 0.589583 0.760417 0.587500 0.758333 0.587500 0.756250 0.589583 0.754167 0.589583 0.750000 0.587500 0.747917 0.587500 0.741667 0.591667 0.737500 0.591667 0.733333 0.589583 0.731250 0.589583 0.720833 0.587500 0.718750
0 0.577083 0.683333 0.579167 0.685417 0.577083 0.687500 0.587500 0.697917 0.587500 0.700000 0.583333 0.704167 0.583333 0.710417 0.585417 0.712500 0.583333 0.710417 0.583333 0.704167 0.587500 0.700000 0.587500 0.697917 0.577083 0.687500 0.579167 0.685417
0 0.577083 0.604167 0.577083 0.606250 0.581250 0.610417 0.575000 0.616667 0.575000 0.620833 0.577083 0.622917 0.577083 0.625000 0.575000 0.627083 0.575000 0.633333 0.570833 0.637500 0.570833 0.639583 0.566667 0.643750 0.566667 0.647917 0.568750 0.650000 0.568750 0.652083 0.570833 0.654167 0.566667 0.658333 0.566667 0.664583 0.568750 0.666667 0.568750 0.668750 0.577083 0.677083 0.577083 0.679167 0.577083 0.677083 0.568750 0.668750 0.568750 0.666667 0.566667 0.664583 0.566667 0.658333 0.570833 0.654167 0.568750 0.652083 0.568750 0.650000 0.566667 0.647917 0.566667 0.643750 0.570833 0.639583 0.570833 0.637500 0.575000 0.633333 0.575000 0.627083 0.577083 0.625000 0.577083 0.622917 0.575000 0.620833 0.575000 0.616667 0.581250 0.610417 0.577083 0.606250
0 0.560417 0.556250 0.560417 0.562500 0.577083 0.579167 0.577083 0.589583 0.572917 0.593750 0.568750 0.593750 0.575000 0.600000 0.570833 0.595833 0.577083 0.589583 0.577083 0.579167 0.562500 0.564583 0.562500 0.562500 0.560417 0.560417
0 0.556250 0.512500 0.558333 0.514583 0.558333 0.522917 0.560417 0.525000 0.560417 0.531250 0.562500 0.533333 0.562500 0.550000 0.562500 0.531250 0.560417 0.529167 0.560417 0.522917 0.558333 0.520833 0.558333 0.514583
0 0.560417 0.489583 0.562500 0.491667 0.562500 0.495833 0.558333 0.500000 0.556250 0.500000 0.556250 0.502083 0.562500 0.495833 0.562500 0.491667
0 0.522917 0.418750 0.527083 0.422917 0.527083 0.429167 0.525000 0.431250 0.525000 0.435417 0.522917 0.437500 0.522917 0.439583 0.525000 0.441667 0.525000 0.447917 0.527083 0.450000 0.527083 0.454167 0.529167 0.456250 0.529167 0.458333 0.531250 0.460417 0.531250 0.462500 0.537500 0.468750 0.539583 0.468750 0.541667 0.470833 0.539583 0.468750 0.537500 0.468750 0.531250 0.462500 0.531250 0.458333 0.527083 0.454167 0.527083 0.450000 0.525000 0.447917 0.525000 0.441667 0.522917 0.439583 0.522917 0.437500 0.525000 0.435417 0.525000 0.431250 0.527083 0.429167 0.527083 0.422917
0 0.510417 0.337500 0.514583 0.341667 0.514583 0.345833 0.516667 0.347917 0.516667 0.350000 0.522917 0.356250 0.522917 0.358333 0.520833 0.360417 0.520833 0.362500 0.518750 0.364583 0.518750 0.372917 0.514583 0.377083 0.514583 0.383333 0.512500 0.385417 0.512500 0.387500 0.514583 0.389583 0.514583 0.400000 0.520833 0.406250 0.520833 0.412500 0.522917 0.414583 0.520833 0.412500 0.520833 0.406250 0.514583 0.400000 0.514583 0.389583 0.512500 0.387500 0.512500 0.385417 0.514583 0.383333 0.514583 0.377083 0.518750 0.372917 0.518750 0.364583 0.520833 0.362500 0.520833 0.360417 0.522917 0.358333 0.522917 0.356250 0.516667 0.350000 0.516667 0.347917 0.514583 0.345833 0.514583 0.341667
0 0.502083 0.325000 0.506250 0.329167 0.506250 0.331250 0.508333 0.333333 0.506250 0.331250 0.506250 0.329167
0 0.485417 0.285417 0.485417 0.293750 0.497917 0.306250 0.497917 0.312500 0.500000 0.314583 0.500000 0.320833 0.500000 0.314583 0.497917 0.312500 0.497917 0.306250 0.485417 0.293750
0 0.483333 0.260417 0.483333 0.266667 0.489583 0.272917 0.489583 0.279167 0.487500 0.281250 0.489583 0.281250 0.489583 0.272917 0.483333 0.266667
0 0.477083 0.245833 0.477083 0.252083 0.481250 0.256250 0.477083 0.252083
0 0.483333 0.216667 0.479167 0.220833 0.481250 0.222917 0.481250 0.229167 0.479167 0.231250 0.479167 0.233333 0.477083 0.235417 0.477083 0.241667 0.477083 0.235417 0.479167 0.233333 0.479167 0.231250 0.481250 0.229167 0.481250 0.222917 0.479167 0.220833
0 0.458333 0.137500 0.460417 0.139583 0.460417 0.145833 0.466667 0.152083 0.466667 0.156250 0.462500 0.160417 0.468750 0.166667 0.468750 0.168750 0.475000 0.175000 0.475000 0.177083 0.481250 0.183333 0.481250 0.185417 0.483333 0.187500 0.483333 0.202083 0.483333 0.187500 0.481250 0.185417 0.481250 0.183333 0.475000 0.177083 0.475000 0.175000 0.468750 0.168750 0.468750 0.166667 0.464583 0.162500 0.464583 0.158333 0.466667 0.156250 0.466667 0.152083 0.460417 0.145833 0.460417 0.139583
0 0.452083 0.075000 0.456250 0.079167 0.456250 0.085417 0.447917 0.093750 0.447917 0.100000 0.450000 0.102083 0.450000 0.104167 0.452083 0.106250 0.452083 0.108333 0.458333 0.114583 0.458333 0.118750 0.460417 0.120833 0.460417 0.122917 0.458333 0.125000 0.458333 0.127083 0.456250 0.129167 0.456250 0.133333 0.456250 0.129167 0.460417 0.125000 0.460417 0.120833 0.458333 0.118750 0.458333 0.114583 0.452083 0.108333 0.452083 0.106250 0.450000 0.104167 0.450000 0.102083 0.447917 0.100000 0.447917 0.093750 0.456250 0.085417 0.456250 0.079167
0 0.447917 0.060417 0.450000 0.062500 0.447917 0.064583 0.447917 0.068750 0.450000 0.070833 0.447917 0.068750 0.447917 0.064583 0.450000 0.062500
0 0.437500 0.016667 0.437500 0.018750 0.443750 0.025000 0.443750 0.031250 0.445833 0.031250 0.452083 0.037500 0.452083 0.039583 0.456250 0.043750 0.456250 0.045833 0.450000 0.052083 0.450000 0.056250 0.450000 0.052083 0.456250 0.045833 0.456250 0.043750 0.452083 0.039583 0.452083 0.037500 0.443750 0.029167 0.443750 0.025000 0.437500 0.018750
0 0.425000 0.000000 0.425000 0.002083 0.429167 0.006250 0.429167 0.008333 0.433333 0.012500 0.429167 0.008333 0.429167 0.006250 0.425000 0.002083 0.427083 0.000000