0 0.245833 0.675000 0.245833 0.677083 0.241667 0.681250 0.241667 0.687500 0.243750 0.689583 0.243750 0.693750 0.241667 0.695833 0.241667 0.710417 0.245833 0.714583 0.245833 0.716667 0.243750 0.718750 0.243750 0.781250 0.245833 0.783333 0.245833 0.789583 0.243750 0.791667 0.243750 0.793750 0.245833 0.795833 0.245833 0.816667 0.243750 0.818750 0.243750 0.831250 0.245833 0.833333 0.245833 0.847917 0.243750 0.850000 0.243750 0.889583 0.241667 0.891667 0.241667 0.937500 0.243750 0.939583 0.243750 0.943750 0.243750 0.937500 0.241667 0.935417 0.241667 0.891667 0.243750 0.889583 0.243750 0.850000 0.245833 0.847917 0.245833 0.833333 0.243750 0.831250 0.243750 0.818750 0.245833 0.816667 0.245833 0.795833 0.243750 0.793750 0.243750 0.791667 0.245833 0.789583 0.245833 0.783333 0.243750 0.781250 0.243750 0.718750 0.245833 0.716667 0.245833 0.714583 0.241667 0.710417 0.241667 0.695833 0.243750 0.693750 0.243750 0.689583 0.241667 0.687500 0.241667 0.681250 0.245833 0.677083
0 0.510417 0.622917 0.508333 0.625000 0.506250 0.625000 0.500000 0.631250 0.500000 0.639583 0.506250 0.645833 0.506250 0.650000 0.510417 0.654167 0.508333 0.656250 0.508333 0.668750 0.506250 0.670833 0.506250 0.675000 0.508333 0.677083 0.508333 0.681250 0.504167 0.685417 0.506250 0.687500 0.506250 0.691667 0.514583 0.700000 0.514583 0.704167 0.529167 0.718750 0.529167 0.731250 0.520833 0.739583 0.520833 0.741667 0.518750 0.743750 0.518750 0.752083 0.516667 0.754167 0.516667 0.781250 0.512500 0.785417 0.512500 0.795833 0.510417 0.797917 0.510417 0.804167 0.506250 0.808333 0.506250 0.812500 0.508333 0.814583 0.508333 0.816667 0.510417 0.818750 0.510417 0.820833 0.508333 0.822917 0.508333 0.831250 0.506250 0.833333 0.506250 0.843750 0.504167 0.845833 0.504167 0.850000 0.502083 0.852083 0.502083 0.854167 0.500000 0.856250 0.502083 0.858333 0.502083 0.860417 0.500000 0.862500 0.500000 0.875000 0.502083 0.877083 0.502083 0.883333 0.500000 0.885417 0.500000 0.887500 0.497917 0.889583 0.497917 0.897917 0.493750 0.902083 0.493750 0.904167 0.495833 0.906250 0.493750 0.908333 0.493750 0.918750 0.495833 0.920833 0.495833 0.927083 0.493750 0.929167 0.493750 0.941667 0.487500 0.947917 0.487500 0.950000 0.491667 0.954167 0.491667 0.962500 0.489583 0.964583 0.489583 0.975000 0.489583 0.964583 0.491667 0.962500 0.491667 0.954167 0.487500 0.950000 0.487500 0.947917 0.493750 0.941667 0.493750 0.929167 0.495833 0.927083 0.495833 0.920833 0.493750 0.918750 0.493750 0.908333 0.495833 0.906250 0.493750 0.904167 0.493750 0.902083 0.497917 0.897917 0.497917 0.889583 0.500000 0.887500 0.500000 0.885417 0.502083 0.883333 0.502083 0.877083 0.500000 0.875000 0.500000 0.862500 0.502083 0.860417 0.502083 0.858333 0.500000 0.856250 0.502083 0.854167 0.502083 0.852083 0.504167 0.850000 0.504167 0.845833 0.506250 0.843750 0.506250 0.833333 0.508333 0.831250 0.508333 0.822917 0.510417 0.820833 0.510417 0.818750 0.508333 0.816667 0.508333 0.814583 0.506250 0.812500 0.506250 0.808333 0.510417 0.804167 0.510417 0.797917 0.512500 0.795833 0.512500 0.785417 0.516667 0.781250 0.516667 0.754167 0.518750 0.752083 0.518750 0.743750 0.520833 0.741667 0.520833 0.739583 0.529167 0.731250 0.529167 0.718750 0.514583 0.704167 0.514583 0.700000 0.506250 0.691667 0.506250 0.689583 0.508333 0.687500 0.506250 0.687500 0.504167 0.685417 0.508333 0.681250 0.508333 0.677083 0.506250 0.675000 0.506250 0.670833 0.508333 0.668750 0.508333 0.656250 0.510417 0.654167 0.506250 0.650000 0.506250 0.645833 0.500000 0.639583 0.500000 0.631250 0.506250 0.625000 0.508333 0.625000
0 0.250000 0.583333 0.250000 0.610417 0.247917 0.612500 0.247917 0.637500 0.245833 0.639583 0.245833 0.662500 0.243750 0.664583 0.243750 0.668750 0.245833 0.670833 0.243750 0.668750 0.243750 0.664583 0.245833 0.662500 0.245833 0.639583 0.247917 0.637500 0.247917 0.612500 0.250000 0.610417
0 0.533333 0.527083 0.533333 0.529167 0.531250 0.531250 0.531250 0.541667 0.527083 0.545833 0.527083 0.560417 0.525000 0.562500 0.525000 0.564583 0.522917 0.566667 0.522917 0.568750 0.520833 0.570833 0.520833 0.579167 0.518750 0.581250 0.518750 0.591667 0.516667 0.593750 0.516667 0.606250 0.514583 0.608333 0.514583 0.610417 0.512500 0.612500 0.512500 0.618750 0.512500 0.612500 0.514583 0.610417 0.514583 0.608333 0.516667 0.606250 0.516667 0.593750 0.518750 0.591667 0.518750 0.581250 0.520833 0.579167 0.520833 0.570833 0.522917 0.568750 0.522917 0.566667 0.525000 0.564583 0.525000 0.562500 0.527083 0.560417 0.527083 0.545833 0.531250 0.541667 0.531250 0.533333 0.533333 0.531250
0 0.275000 0.387500 0.272917 0.389583 0.272917 0.402083 0.270833 0.404167 0.270833 0.412500 0.268750 0.414583 0.268750 0.435417 0.266667 0.437500 0.266667 0.441667 0.264583 0.443750 0.264583 0.458333 0.262500 0.460417 0.262500 0.462500 0.264583 0.464583 0.260417 0.468750 0.260417 0.477083 0.258333 0.479167 0.258333 0.491667 0.256250 0.493750 0.256250 0.516667 0.254167 0.518750 0.254167 0.539583 0.252083 0.541667 0.252083 0.562500 0.250000 0.564583 0.250000 0.570833 0.252083 0.572917 0.250000 0.575000 0.250000 0.579167 0.250000 0.575000 0.252083 0.572917 0.250000 0.570833 0.250000 0.564583 0.252083 0.562500 0.252083 0.541667 0.254167 0.539583 0.254167 0.518750 0.256250 0.516667 0.256250 0.493750 0.258333 0.491667 0.258333 0.479167 0.260417 0.477083 0.260417 0.468750 0.264583 0.464583 0.262500 0.462500 0.262500 0.460417 0.264583 0.458333 0.264583 0.443750 0.266667 0.441667 0.266667 0.439583 0.268750 0.437500 0.268750 0.414583 0.270833 0.412500 0.270833 0.404167 0.272917 0.402083 0.272917 0.389583
0 0.283333 0.335417 0.281250 0.337500 0.281250 0.356250 0.279167 0.358333 0.279167 0.370833 0.277083 0.372917 0.277083 0.377083 0.275000 0.379167 0.275000 0.383333 0.275000 0.379167 0.277083 0.377083 0.277083 0.372917 0.279167 0.370833 0.279167 0.358333 0.281250 0.356250 0.281250 0.337500
0 0.589583 0.310417 0.589583 0.312500 0.587500 0.314583 0.587500 0.318750 0.585417 0.320833 0.585417 0.327083 0.583333 0.329167 0.583333 0.333333 0.581250 0.335417 0.581250 0.343750 0.579167 0.345833 0.579167 0.347917 0.577083 0.350000 0.577083 0.358333 0.575000 0.360417 0.575000 0.370833 0.572917 0.372917 0.572917 0.377083 0.570833 0.379167 0.570833 0.383333 0.568750 0.385417 0.568750 0.393750 0.566667 0.395833 0.566667 0.404167 0.564583 0.406250 0.564583 0.410417 0.562500 0.412500 0.562500 0.427083 0.560417 0.429167 0.560417 0.431250 0.558333 0.433333 0.558333 0.441667 0.556250 0.443750 0.556250 0.456250 0.552083 0.460417 0.552083 0.466667 0.550000 0.468750 0.550000 0.475000 0.545833 0.479167 0.545833 0.485417 0.543750 0.487500 0.543750 0.491667 0.541667 0.493750 0.541667 0.495833 0.537500 0.500000 0.537500 0.506250 0.535417 0.508333 0.535417 0.514583 0.533333 0.516667 0.533333 0.518750 0.531250 0.520833 0.531250 0.522917 0.531250 0.520833 0.533333 0.518750 0.533333 0.516667 0.535417 0.514583 0.535417 0.508333 0.537500 0.506250 0.537500 0.502083 0.539583 0.500000 0.539583 0.497917 0.541667 0.495833 0.541667 0.493750 0.543750 0.491667 0.543750 0.487500 0.545833 0.485417 0.545833 0.479167 0.550000 0.475000 0.550000 0.468750 0.552083 0.466667 0.552083 0.460417 0.556250 0.456250 0.556250 0.443750 0.558333 0.441667 0.558333 0.433333 0.560417 0.431250 0.560417 0.429167 0.562500 0.427083 0.562500 0.412500 0.564583 0.410417 0.564583 0.406250 0.566667 0.404167 0.566667 0.395833 0.568750 0.393750 0.568750 0.385417 0.570833 0.383333 0.570833 0.379167 0.572917 0.377083 0.572917 0.372917 0.575000 0.370833 0.575000 0.360417 0.577083 0.358333 0.577083 0.350000 0.579167 0.347917 0.579167 0.345833 0.581250 0.343750 0.581250 0.335417 0.583333 0.333333 0.583333 0.329167 0.585417 0.327083 0.585417 0.320833 0.587500 0.318750 0.587500 0.314583 0.589583 0.312500
0 0.295833 0.266667 0.295833 0.275000 0.293750 0.277083 0.293750 0.289583 0.291667 0.291667 0.291667 0.297917 0.289583 0.300000 0.289583 0.306250 0.287500 0.308333 0.287500 0.316667 0.285417 0.318750 0.285417 0.329167 0.283333 0.331250 0.285417 0.329167 0.285417 0.318750 0.287500 0.316667 0.287500 0.308333 0.289583 0.306250 0.289583 0.300000 0.291667 0.297917 0.291667 0.291667 0.293750 0.289583 0.293750 0.277083 0.295833 0.275000
0 0.610417 0.212500 0.610417 0.214583 0.612500 0.216667 0.610417 0.218750 0.610417 0.222917 0.606250 0.227083 0.606250 0.231250 0.604167 0.233333 0.604167 0.247917 0.602083 0.250000 0.602083 0.254167 0.600000 0.256250 0.600000 0.262500 0.597917 0.264583 0.597917 0.268750 0.595833 0.270833 0.595833 0.272917 0.593750 0.275000 0.593750 0.293750 0.591667 0.295833 0.591667 0.304167 0.589583 0.306250 0.591667 0.304167 0.591667 0.295833 0.593750 0.293750 0.593750 0.275000 0.595833 0.272917 0.595833 0.270833 0.597917 0.268750 0.597917 0.264583 0.600000 0.262500 0.600000 0.256250 0.602083 0.254167 0.602083 0.250000 0.604167 0.247917 0.604167 0.233333 0.606250 0.231250 0.606250 0.227083 0.610417 0.222917 0.610417 0.218750 0.612500 0.216667 0.610417 0.214583
0 0.343750 0.193750 0.343750 0.195833 0.331250 0.208333 0.331250 0.210417 0.322917 0.218750 0.320833 0.218750 0.312500 0.227083 0.312500 0.231250 0.310417 0.233333 0.310417 0.237500 0.297917 0.250000 0.297917 0.256250 0.300000 0.258333 0.300000 0.262500 0.300000 0.258333 0.297917 0.256250 0.297917 0.250000 0.310417 0.237500 0.310417 0.233333 0.312500 0.231250 0.312500 0.227083 0.320833 0.218750 0.322917 0.218750 0.331250 0.210417 0.331250 0.208333 0.343750 0.195833
0 0.375000 0.006250 0.375000 0.018750 0.370833 0.022917 0.370833 0.025000 0.366667 0.029167 0.368750 0.031250 0.368750 0.035417 0.366667 0.037500 0.366667 0.043750 0.368750 0.045833 0.368750 0.056250 0.366667 0.058333 0.366667 0.060417 0.364583 0.062500 0.364583 0.075000 0.360417 0.079167 0.360417 0.081250 0.354167 0.087500 0.354167 0.089583 0.352083 0.091667 0.352083 0.110417 0.350000 0.112500 0.350000 0.137500 0.347917 0.139583 0.347917 0.147917 0.345833 0.150000 0.345833 0.156250 0.343750 0.158333 0.343750 0.168750 0.356250 0.181250 0.356250 0.183333 0.352083 0.187500 0.350000 0.187500 0.347917 0.189583 0.350000 0.187500 0.352083 0.187500 0.356250 0.183333 0.356250 0.181250 0.343750 0.168750 0.343750 0.158333 0.345833 0.156250 0.345833 0.150000 0.347917 0.147917 0.347917 0.139583 0.350000 0.137500 0.350000 0.112500 0.352083 0.110417 0.352083 0.091667 0.354167 0.089583 0.354167 0.087500 0.360417 0.081250 0.360417 0.079167 0.364583 0.075000 0.364583 0.062500 0.366667 0.060417 0.366667 0.058333 0.368750 0.056250 0.368750 0.045833 0.366667 0.043750 0.366667 0.037500 0.368750 0.035417 0.368750 0.031250 0.366667 0.029167 0.370833 0.025000 0.370833 0.022917 0.375000 0.018750