0 0.333333 0.877083 0.312500 0.897917 0.312500 0.900000 0.306250 0.906250 0.304167 0.906250 0.281250 0.929167 0.281250 0.931250 0.275000 0.937500 0.272917 0.937500 0.252083 0.958333 0.252083 0.970833 0.254167 0.972917 0.254167 0.975000 0.250000 0.979167 0.250000 0.983333 0.247917 0.985417 0.247917 0.987500 0.245833 0.989583 0.245833 0.991667 0.243750 0.993750 0.245833 0.991667 0.245833 0.989583 0.247917 0.987500 0.247917 0.985417 0.250000 0.983333 0.250000 0.979167 0.254167 0.975000 0.254167 0.972917 0.252083 0.970833 0.252083 0.958333 0.272917 0.937500 0.275000 0.937500 0.281250 0.931250 0.281250 0.929167 0.304167 0.906250 0.306250 0.906250 0.312500 0.900000 0.312500 0.897917
0 0.383333 0.825000 0.381250 0.827083 0.381250 0.829167 0.375000 0.835417 0.375000 0.837500 0.368750 0.843750 0.366667 0.843750 0.343750 0.866667 0.343750 0.868750 0.337500 0.875000 0.343750 0.868750 0.343750 0.866667 0.366667 0.843750 0.368750 0.843750 0.375000 0.837500 0.375000 0.835417 0.381250 0.829167 0.381250 0.827083
0 0.433333 0.731250 0.427083 0.737500 0.427083 0.741667 0.425000 0.743750 0.425000 0.747917 0.422917 0.750000 0.422917 0.752083 0.420833 0.754167 0.420833 0.758333 0.418750 0.760417 0.418750 0.764583 0.412500 0.770833 0.412500 0.772917 0.397917 0.787500 0.397917 0.789583 0.395833 0.791667 0.395833 0.802083 0.393750 0.804167 0.393750 0.808333 0.387500 0.814583 0.387500 0.818750 0.385417 0.820833 0.387500 0.818750 0.387500 0.814583 0.389583 0.812500 0.391667 0.812500 0.391667 0.810417 0.393750 0.808333 0.393750 0.804167 0.395833 0.802083 0.395833 0.791667 0.397917 0.789583 0.397917 0.787500 0.404167 0.781250 0.406250 0.781250 0.406250 0.779167 0.412500 0.772917 0.412500 0.770833 0.418750 0.764583 0.418750 0.760417 0.420833 0.758333 0.420833 0.754167 0.425000 0.750000 0.425000 0.743750 0.427083 0.741667 0.427083 0.737500
0 0.443750 0.633333 0.443750 0.641667 0.445833 0.643750 0.445833 0.647917 0.447917 0.650000 0.447917 0.656250 0.450000 0.656250 0.452083 0.658333 0.452083 0.664583 0.447917 0.668750 0.450000 0.670833 0.450000 0.672917 0.447917 0.675000 0.447917 0.681250 0.450000 0.683333 0.450000 0.710417 0.441667 0.718750 0.439583 0.718750 0.437500 0.720833 0.437500 0.722917 0.435417 0.725000 0.435417 0.727083 0.435417 0.725000 0.437500 0.722917 0.437500 0.720833 0.439583 0.718750 0.441667 0.718750 0.450000 0.710417 0.450000 0.683333 0.447917 0.681250 0.447917 0.675000 0.450000 0.672917 0.450000 0.666667 0.452083 0.664583 0.452083 0.658333 0.447917 0.654167 0.447917 0.650000 0.445833 0.647917 0.445833 0.643750 0.443750 0.641667
0 0.450000 0.614583 0.447917 0.616667 0.447917 0.618750 0.445833 0.620833 0.445833 0.629167 0.445833 0.620833 0.447917 0.618750 0.447917 0.616667
0 0.435417 0.560417 0.435417 0.572917 0.437500 0.575000 0.437500 0.577083 0.443750 0.583333 0.443750 0.585417 0.445833 0.587500 0.445833 0.591667 0.450000 0.595833 0.450000 0.610417 0.450000 0.593750 0.447917 0.593750 0.445833 0.591667 0.445833 0.587500 0.443750 0.585417 0.443750 0.583333 0.437500 0.577083 0.437500 0.575000 0.435417 0.572917
0 0.391667 0.429167 0.395833 0.433333 0.395833 0.441667 0.397917 0.443750 0.397917 0.450000 0.400000 0.452083 0.400000 0.458333 0.406250 0.464583 0.406250 0.477083 0.412500 0.483333 0.412500 0.485417 0.414583 0.487500 0.414583 0.489583 0.420833 0.495833 0.420833 0.497917 0.422917 0.500000 0.422917 0.508333 0.425000 0.510417 0.425000 0.514583 0.427083 0.516667 0.427083 0.531250 0.431250 0.535417 0.431250 0.539583 0.433333 0.541667 0.433333 0.550000 0.433333 0.541667 0.431250 0.539583 0.431250 0.535417 0.427083 0.531250 0.427083 0.516667 0.425000 0.514583 0.425000 0.510417 0.422917 0.508333 0.422917 0.500000 0.420833 0.497917 0.420833 0.495833 0.414583 0.489583 0.414583 0.487500 0.412500 0.485417 0.412500 0.483333 0.406250 0.477083 0.406250 0.464583 0.400000 0.458333 0.400000 0.452083 0.397917 0.450000 0.397917 0.443750 0.395833 0.441667 0.395833 0.433333
0 0.358333 0.381250 0.375000 0.397917 0.375000 0.400000 0.377083 0.402083 0.377083 0.404167 0.379167 0.406250 0.379167 0.410417 0.381250 0.412500 0.381250 0.414583 0.383333 0.416667 0.383333 0.420833 0.387500 0.425000 0.383333 0.420833 0.383333 0.416667 0.381250 0.414583 0.381250 0.412500 0.379167 0.410417 0.379167 0.406250 0.377083 0.404167 0.377083 0.402083 0.375000 0.400000 0.375000 0.397917
0 0.316667 0.306250 0.316667 0.316667 0.322917 0.322917 0.322917 0.327083 0.325000 0.329167 0.322917 0.327083 0.322917 0.322917 0.316667 0.316667
0 0.322917 0.260417 0.322917 0.291667 0.318750 0.295833 0.318750 0.297917 0.316667 0.300000 0.316667 0.302083 0.316667 0.300000 0.318750 0.297917 0.318750 0.295833 0.322917 0.291667
0 0.362500 0.256250 0.362500 0.281250 0.358333 0.285417 0.358333 0.293750 0.356250 0.295833 0.356250 0.302083 0.352083 0.306250 0.352083 0.310417 0.350000 0.312500 0.352083 0.314583 0.352083 0.318750 0.354167 0.320833 0.354167 0.341667 0.356250 0.343750 0.356250 0.377083 0.356250 0.343750 0.354167 0.341667 0.354167 0.320833 0.352083 0.318750 0.352083 0.314583 0.350000 0.312500 0.352083 0.310417 0.352083 0.306250 0.356250 0.302083 0.356250 0.295833 0.358333 0.293750 0.358333 0.285417 0.362500 0.281250
0 0.387500 0.118750 0.387500 0.125000 0.393750 0.131250 0.393750 0.137500 0.391667 0.139583 0.391667 0.147917 0.387500 0.152083 0.387500 0.154167 0.385417 0.156250 0.385417 0.158333 0.383333 0.160417 0.383333 0.166667 0.381250 0.168750 0.381250 0.170833 0.379167 0.172917 0.379167 0.175000 0.377083 0.177083 0.377083 0.181250 0.375000 0.183333 0.375000 0.185417 0.370833 0.189583 0.370833 0.191667 0.352083 0.210417 0.352083 0.212500 0.350000 0.214583 0.350000 0.218750 0.343750 0.225000 0.343750 0.227083 0.335417 0.235417 0.337500 0.237500 0.335417 0.239583 0.335417 0.241667 0.327083 0.250000 0.335417 0.241667 0.335417 0.239583 0.337500 0.237500 0.337500 0.233333 0.343750 0.227083 0.343750 0.225000 0.350000 0.218750 0.350000 0.214583 0.352083 0.212500 0.352083 0.210417 0.370833 0.191667 0.370833 0.189583 0.372917 0.187500 0.375000 0.187500 0.375000 0.183333 0.377083 0.181250 0.377083 0.177083 0.379167 0.175000 0.379167 0.172917 0.381250 0.170833 0.381250 0.168750 0.383333 0.166667 0.383333 0.160417 0.385417 0.158333 0.385417 0.156250 0.387500 0.154167 0.387500 0.152083 0.391667 0.147917 0.391667 0.139583 0.393750 0.137500 0.393750 0.131250 0.387500 0.125000
0 0.391667 0.100000 0.391667 0.106250 0.389583 0.108333 0.389583 0.112500 0.389583 0.108333 0.391667 0.106250
0 0.391667 0.070833 0.391667 0.072917 0.395833 0.077083 0.395833 0.079167 0.397917 0.081250 0.397917 0.087500 0.400000 0.089583 0.400000 0.091667 0.395833 0.095833 0.400000 0.091667 0.400000 0.089583 0.397917 0.087500 0.397917 0.081250 0.395833 0.079167 0.395833 0.077083 0.391667 0.072917
0 0.412500 0.000000 0.406250 0.006250 0.406250 0.008333 0.391667 0.022917 0.391667 0.031250 0.393750 0.033333 0.393750 0.041667 0.391667 0.043750 0.391667 0.047917 0.389583 0.050000 0.389583 0.056250 0.391667 0.058333 0.391667 0.066667 0.391667 0.058333 0.389583 0.056250 0.389583 0.050000 0.391667 0.047917 0.391667 0.043750 0.393750 0.041667 0.393750 0.033333 0.391667 0.031250 0.391667 0.022917 0.406250 0.008333 0.406250 0.006250 0.412500 0.000000 0.414583 0.000000