0 0.058333 0.585417 0.056250 0.587500 0.050000 0.587500 0.047917 0.589583 0.037500 0.589583 0.035417 0.591667 0.031250 0.591667 0.029167 0.593750 0.000000 0.593750 0.031250 0.593750 0.033333 0.591667 0.035417 0.591667 0.037500 0.589583 0.047917 0.589583 0.050000 0.587500 0.056250 0.587500 0.058333 0.585417 0.060417 0.585417 0.062500 0.587500 0.081250 0.587500 0.083333 0.589583 0.087500 0.589583 0.083333 0.589583 0.081250 0.587500 0.064583 0.587500 0.062500 0.585417
0 0.129167 0.562500 0.125000 0.566667 0.125000 0.568750 0.118750 0.575000 0.116667 0.575000 0.114583 0.577083 0.110417 0.577083 0.100000 0.587500 0.095833 0.587500 0.093750 0.589583 0.091667 0.589583 0.093750 0.591667 0.093750 0.589583 0.095833 0.587500 0.100000 0.587500 0.110417 0.577083 0.114583 0.577083 0.116667 0.575000 0.118750 0.575000 0.125000 0.568750 0.125000 0.566667 0.129167 0.562500 0.133333 0.562500
0 0.168750 0.541667 0.162500 0.547917 0.160417 0.547917 0.158333 0.550000 0.156250 0.550000 0.154167 0.552083 0.150000 0.552083 0.145833 0.556250 0.143750 0.556250 0.141667 0.558333 0.139583 0.558333 0.137500 0.560417 0.139583 0.558333 0.141667 0.558333 0.143750 0.556250 0.145833 0.556250 0.150000 0.552083 0.154167 0.552083 0.156250 0.550000 0.158333 0.550000 0.160417 0.547917 0.162500 0.547917 0.168750 0.541667 0.170833 0.541667
0 0.239583 0.531250 0.237500 0.533333 0.231250 0.533333 0.229167 0.535417 0.218750 0.535417 0.216667 0.537500 0.214583 0.537500 0.212500 0.539583 0.202083 0.539583 0.200000 0.541667 0.189583 0.541667 0.187500 0.539583 0.181250 0.539583 0.179167 0.541667 0.175000 0.541667 0.179167 0.541667 0.181250 0.539583 0.187500 0.539583 0.189583 0.541667 0.200000 0.541667 0.202083 0.539583 0.212500 0.539583 0.214583 0.537500 0.216667 0.537500 0.218750 0.535417 0.229167 0.535417 0.231250 0.533333 0.237500 0.533333 0.239583 0.531250 0.241667 0.531250 0.243750 0.533333 0.247917 0.533333 0.250000 0.531250 0.247917 0.533333 0.243750 0.533333 0.241667 0.531250
0 0.266667 0.529167 0.264583 0.531250 0.254167 0.531250 0.264583 0.531250 0.266667 0.529167 0.275000 0.529167
0 0.322917 0.516667 0.320833 0.518750 0.310417 0.518750 0.308333 0.520833 0.304167 0.520833 0.302083 0.522917 0.297917 0.522917 0.295833 0.525000 0.289583 0.525000 0.287500 0.527083 0.279167 0.527083 0.287500 0.527083 0.289583 0.525000 0.295833 0.525000 0.297917 0.522917 0.302083 0.522917 0.304167 0.520833 0.308333 0.520833 0.310417 0.518750 0.320833 0.518750 0.322917 0.516667 0.331250 0.516667 0.333333 0.518750 0.337500 0.518750 0.333333 0.518750 0.331250 0.516667
0 0.385417 0.514583 0.381250 0.518750 0.375000 0.518750 0.372917 0.516667 0.370833 0.516667 0.368750 0.518750 0.362500 0.518750 0.368750 0.518750 0.370833 0.516667 0.372917 0.516667 0.375000 0.518750 0.381250 0.518750 0.385417 0.514583 0.400000 0.514583
0 0.495833 0.500000 0.491667 0.504167 0.489583 0.502083 0.487500 0.502083 0.485417 0.504167 0.468750 0.504167 0.468750 0.506250 0.466667 0.508333 0.462500 0.508333 0.458333 0.504167 0.454167 0.504167 0.452083 0.502083 0.420833 0.502083 0.416667 0.506250 0.414583 0.506250 0.412500 0.508333 0.410417 0.508333 0.408333 0.510417 0.406250 0.510417 0.404167 0.512500 0.406250 0.510417 0.408333 0.510417 0.410417 0.508333 0.412500 0.508333 0.414583 0.506250 0.416667 0.506250 0.420833 0.502083 0.452083 0.502083 0.454167 0.504167 0.458333 0.504167 0.462500 0.508333 0.466667 0.508333 0.470833 0.504167 0.485417 0.504167 0.487500 0.502083 0.489583 0.502083 0.491667 0.504167 0.495833 0.500000 0.497917 0.500000 0.500000 0.502083 0.502083 0.502083 0.504167 0.504167 0.506250 0.504167 0.508333 0.506250 0.506250 0.504167 0.504167 0.504167 0.502083 0.502083 0.500000 0.502083 0.497917 0.500000
0 0.831250 0.462500 0.833333 0.464583 0.837500 0.464583 0.839583 0.462500 0.841667 0.464583 0.845833 0.464583 0.847917 0.466667 0.852083 0.466667 0.847917 0.466667 0.845833 0.464583 0.841667 0.464583 0.839583 0.462500 0.837500 0.464583 0.833333 0.464583
0 0.804167 0.460417 0.802083 0.462500 0.797917 0.462500 0.795833 0.464583 0.787500 0.464583 0.785417 0.466667 0.783333 0.466667 0.781250 0.468750 0.772917 0.468750 0.770833 0.470833 0.768750 0.470833 0.766667 0.472917 0.743750 0.472917 0.741667 0.475000 0.727083 0.475000 0.725000 0.472917 0.716667 0.472917 0.714583 0.475000 0.710417 0.475000 0.708333 0.477083 0.704167 0.477083 0.697917 0.483333 0.693750 0.483333 0.691667 0.485417 0.689583 0.485417 0.687500 0.483333 0.685417 0.485417 0.683333 0.485417 0.681250 0.487500 0.677083 0.487500 0.675000 0.489583 0.670833 0.489583 0.668750 0.491667 0.666667 0.491667 0.664583 0.493750 0.660417 0.493750 0.654167 0.500000 0.650000 0.500000 0.647917 0.497917 0.635417 0.497917 0.633333 0.500000 0.627083 0.493750 0.625000 0.495833 0.610417 0.495833 0.608333 0.493750 0.606250 0.493750 0.602083 0.497917 0.595833 0.497917 0.593750 0.495833 0.593750 0.493750 0.591667 0.495833 0.587500 0.495833 0.585417 0.497917 0.562500 0.497917 0.560417 0.500000 0.552083 0.500000 0.550000 0.502083 0.545833 0.502083 0.543750 0.504167 0.545833 0.502083 0.550000 0.502083 0.552083 0.500000 0.562500 0.500000 0.564583 0.497917 0.585417 0.497917 0.587500 0.495833 0.593750 0.495833 0.595833 0.497917 0.602083 0.497917 0.606250 0.493750 0.608333 0.493750 0.610417 0.495833 0.625000 0.495833 0.627083 0.493750 0.633333 0.500000 0.635417 0.497917 0.647917 0.497917 0.650000 0.500000 0.654167 0.500000 0.660417 0.493750 0.664583 0.493750 0.666667 0.491667 0.668750 0.491667 0.670833 0.489583 0.675000 0.489583 0.677083 0.487500 0.681250 0.487500 0.683333 0.485417 0.685417 0.485417 0.687500 0.483333 0.689583 0.485417 0.691667 0.485417 0.693750 0.483333 0.697917 0.483333 0.704167 0.477083 0.708333 0.477083 0.710417 0.475000 0.714583 0.475000 0.716667 0.472917 0.725000 0.472917 0.727083 0.475000 0.741667 0.475000 0.743750 0.472917 0.766667 0.472917 0.768750 0.470833 0.770833 0.470833 0.772917 0.468750 0.781250 0.468750 0.783333 0.466667 0.785417 0.466667 0.787500 0.464583 0.795833 0.464583 0.797917 0.462500 0.802083 0.462500 0.804167 0.460417 0.806250 0.460417 0.808333 0.462500 0.814583 0.462500 0.816667 0.464583 0.818750 0.464583 0.820833 0.462500 0.827083 0.462500 0.820833 0.462500 0.818750 0.464583 0.816667 0.464583 0.814583 0.462500 0.808333 0.462500 0.806250 0.460417
0 0.897917 0.458333 0.895833 0.460417 0.893750 0.460417 0.891667 0.462500 0.889583 0.462500 0.887500 0.460417 0.883333 0.460417 0.881250 0.462500 0.877083 0.462500 0.872917 0.466667 0.870833 0.466667 0.872917 0.466667 0.877083 0.462500 0.881250 0.462500 0.883333 0.460417 0.887500 0.460417 0.889583 0.462500 0.891667 0.462500 0.893750 0.460417 0.895833 0.460417 0.897917 0.458333 0.904167 0.458333 0.906250 0.460417 0.912500 0.460417 0.914583 0.458333 0.931250 0.458333 0.933333 0.460417 0.935417 0.460417 0.937500 0.462500 0.939583 0.462500 0.941667 0.460417 0.945833 0.460417 0.947917 0.462500 0.950000 0.462500 0.952083 0.464583 0.954167 0.464583 0.956250 0.462500 0.966667 0.462500 0.968750 0.464583 0.970833 0.462500 0.981250 0.462500 0.983333 0.460417 0.985417 0.460417 0.983333 0.460417 0.981250 0.462500 0.970833 0.462500 0.968750 0.464583 0.966667 0.462500 0.956250 0.462500 0.954167 0.464583 0.952083 0.464583 0.950000 0.462500 0.947917 0.462500 0.945833 0.460417 0.941667 0.460417 0.939583 0.462500 0.937500 0.462500 0.935417 0.460417 0.933333 0.460417 0.931250 0.458333 0.914583 0.458333 0.912500 0.460417 0.908333 0.460417 0.906250 0.458333