0 0.560417 0.512500 0.541667 0.531250 0.539583 0.531250 0.531250 0.539583 0.531250 0.541667 0.510417 0.562500 0.508333 0.562500 0.500000 0.570833 0.500000 0.572917 0.479167 0.593750 0.477083 0.593750 0.468750 0.602083 0.468750 0.604167 0.447917 0.625000 0.445833 0.625000 0.437500 0.633333 0.437500 0.635417 0.437500 0.633333 0.445833 0.625000 0.447917 0.625000 0.468750 0.604167 0.468750 0.602083 0.477083 0.593750 0.479167 0.593750 0.500000 0.572917 0.500000 0.570833 0.508333 0.562500 0.510417 0.562500 0.531250 0.541667 0.531250 0.539583 0.539583 0.531250 0.541667 0.531250
0 0.589583 0.479167 0.585417 0.483333 0.585417 0.485417 0.583333 0.487500 0.583333 0.489583 0.572917 0.500000 0.570833 0.500000 0.562500 0.508333 0.570833 0.500000 0.572917 0.500000 0.583333 0.489583 0.583333 0.487500 0.585417 0.485417 0.585417 0.483333
0 0.595833 0.468750 0.595833 0.470833 0.593750 0.472917 0.595833 0.470833
0 0.606250 0.410417 0.606250 0.416667 0.604167 0.418750 0.604167 0.435417 0.602083 0.437500 0.602083 0.450000 0.597917 0.454167 0.597917 0.464583 0.597917 0.454167 0.602083 0.450000 0.602083 0.437500 0.604167 0.435417 0.604167 0.418750 0.606250 0.416667
0 0.627083 0.387500 0.625000 0.389583 0.625000 0.391667 0.625000 0.389583
0 0.654167 0.322917 0.654167 0.325000 0.652083 0.327083 0.652083 0.331250 0.650000 0.333333 0.650000 0.343750 0.647917 0.345833 0.647917 0.354167 0.645833 0.356250 0.645833 0.362500 0.639583 0.368750 0.639583 0.375000 0.639583 0.368750 0.645833 0.362500 0.645833 0.356250 0.647917 0.354167 0.647917 0.345833 0.650000 0.343750 0.650000 0.333333 0.652083 0.331250 0.652083 0.327083 0.654167 0.325000
0 0.662500 0.281250 0.660417 0.283333 0.660417 0.293750 0.658333 0.295833 0.658333 0.308333 0.656250 0.310417 0.656250 0.316667 0.656250 0.310417 0.658333 0.308333 0.658333 0.295833 0.660417 0.293750 0.660417 0.283333 0.662500 0.281250 0.664583 0.281250
0 0.685417 0.229167 0.685417 0.235417 0.683333 0.237500 0.683333 0.241667 0.681250 0.243750 0.681250 0.250000 0.679167 0.252083 0.679167 0.258333 0.675000 0.262500 0.675000 0.264583 0.670833 0.268750 0.670833 0.275000 0.670833 0.268750 0.675000 0.264583 0.675000 0.262500 0.679167 0.258333 0.679167 0.252083 0.681250 0.250000 0.681250 0.243750 0.683333 0.241667 0.683333 0.237500 0.685417 0.235417
0 0.702083 0.202083 0.702083 0.204167 0.689583 0.216667 0.689583 0.218750 0.687500 0.220833 0.687500 0.225000 0.687500 0.220833 0.689583 0.218750 0.689583 0.216667 0.702083 0.204167
0 0.729167 0.164583 0.727083 0.166667 0.727083 0.172917 0.720833 0.179167 0.720833 0.185417 0.720833 0.179167 0.727083 0.172917 0.727083 0.166667
0 0.741667 0.075000 0.741667 0.077083 0.743750 0.079167 0.743750 0.089583 0.745833 0.091667 0.745833 0.093750 0.747917 0.095833 0.747917 0.100000 0.745833 0.102083 0.745833 0.106250 0.747917 0.108333 0.743750 0.112500 0.743750 0.114583 0.741667 0.116667 0.741667 0.137500 0.737500 0.141667 0.737500 0.145833 0.735417 0.147917 0.735417 0.152083 0.733333 0.154167 0.733333 0.156250 0.729167 0.160417 0.733333 0.156250 0.733333 0.154167 0.735417 0.152083 0.735417 0.147917 0.737500 0.145833 0.737500 0.141667 0.741667 0.137500 0.741667 0.116667 0.743750 0.114583 0.743750 0.112500 0.747917 0.108333 0.745833 0.106250 0.745833 0.102083 0.747917 0.100000 0.747917 0.093750 0.743750 0.089583 0.743750 0.079167 0.741667 0.077083
0 0.747917 0.006250 0.743750 0.010417 0.743750 0.012500 0.741667 0.014583 0.741667 0.016667 0.743750 0.018750 0.743750 0.052083 0.739583 0.056250 0.739583 0.070833 0.739583 0.056250 0.743750 0.052083 0.743750 0.018750 0.741667 0.016667 0.741667 0.014583 0.743750 0.012500 0.743750 0.010417