0 0.583333 0.935417 0.585417 0.937500 0.587500 0.937500 0.593750 0.943750 0.593750 0.947917 0.591667 0.950000 0.593750 0.952083 0.593750 0.954167 0.600000 0.960417 0.600000 0.977083 0.604167 0.981250 0.604167 0.983333 0.604167 0.981250 0.600000 0.977083 0.600000 0.970833 0.602083 0.968750 0.600000 0.966667 0.600000 0.960417 0.593750 0.954167 0.593750 0.952083 0.591667 0.950000 0.593750 0.947917 0.593750 0.943750 0.587500 0.937500 0.585417 0.937500
0 0.458333 0.895833 0.460417 0.897917 0.464583 0.897917 0.468750 0.902083 0.475000 0.902083 0.477083 0.904167 0.483333 0.904167 0.485417 0.902083 0.483333 0.904167 0.477083 0.904167 0.475000 0.902083 0.470833 0.902083 0.468750 0.900000 0.466667 0.900000 0.464583 0.897917 0.460417 0.897917
0 0.527083 0.891667 0.520833 0.897917 0.514583 0.897917 0.512500 0.900000 0.510417 0.900000 0.508333 0.897917 0.502083 0.897917 0.500000 0.895833 0.497917 0.897917 0.495833 0.897917 0.491667 0.902083 0.489583 0.902083 0.491667 0.902083 0.495833 0.897917 0.508333 0.897917 0.510417 0.900000 0.512500 0.900000 0.514583 0.897917 0.520833 0.897917 0.527083 0.891667 0.529167 0.891667 0.531250 0.893750 0.531250 0.895833 0.533333 0.895833 0.535417 0.893750 0.537500 0.893750 0.539583 0.895833 0.541667 0.893750 0.545833 0.893750 0.541667 0.893750 0.539583 0.895833 0.537500 0.893750 0.535417 0.893750 0.533333 0.895833 0.529167 0.891667
0 0.397917 0.879167 0.402083 0.879167 0.406250 0.883333 0.408333 0.883333 0.412500 0.887500 0.414583 0.887500 0.416667 0.889583 0.418750 0.887500 0.425000 0.887500 0.427083 0.885417 0.435417 0.885417 0.439583 0.889583 0.447917 0.889583 0.450000 0.891667 0.452083 0.891667 0.454167 0.893750 0.452083 0.891667 0.450000 0.891667 0.447917 0.889583 0.439583 0.889583 0.435417 0.885417 0.427083 0.885417 0.425000 0.887500 0.418750 0.887500 0.416667 0.889583 0.414583 0.887500 0.412500 0.887500 0.406250 0.881250 0.404167 0.881250 0.402083 0.879167
0 0.389583 0.875000 0.385417 0.879167 0.389583 0.875000 0.391667 0.877083 0.393750 0.877083 0.391667 0.877083
0 0.379167 0.875000 0.381250 0.877083 0.383333 0.875000 0.381250 0.877083
0 0.281250 0.837500 0.287500 0.837500 0.293750 0.843750 0.295833 0.843750 0.302083 0.850000 0.310417 0.850000 0.312500 0.852083 0.312500 0.850000 0.314583 0.847917 0.316667 0.847917 0.318750 0.850000 0.320833 0.850000 0.325000 0.845833 0.329167 0.845833 0.343750 0.860417 0.343750 0.862500 0.350000 0.868750 0.354167 0.868750 0.358333 0.872917 0.360417 0.872917 0.362500 0.875000 0.360417 0.872917 0.358333 0.872917 0.354167 0.868750 0.350000 0.868750 0.343750 0.862500 0.343750 0.860417 0.329167 0.845833 0.325000 0.845833 0.320833 0.850000 0.318750 0.850000 0.316667 0.847917 0.314583 0.847917 0.312500 0.850000 0.302083 0.850000 0.295833 0.843750 0.293750 0.843750 0.287500 0.837500
0 0.968750 0.804167 0.964583 0.808333 0.962500 0.808333 0.960417 0.810417 0.958333 0.810417 0.956250 0.808333 0.952083 0.808333 0.947917 0.812500 0.943750 0.812500 0.937500 0.818750 0.933333 0.818750 0.927083 0.825000 0.922917 0.825000 0.920833 0.822917 0.918750 0.822917 0.914583 0.827083 0.912500 0.825000 0.910417 0.825000 0.908333 0.827083 0.897917 0.827083 0.889583 0.835417 0.885417 0.831250 0.881250 0.831250 0.877083 0.835417 0.875000 0.833333 0.872917 0.833333 0.864583 0.841667 0.860417 0.841667 0.858333 0.843750 0.850000 0.843750 0.847917 0.845833 0.833333 0.845833 0.827083 0.852083 0.820833 0.845833 0.822917 0.847917 0.820833 0.850000 0.808333 0.850000 0.806250 0.852083 0.802083 0.852083 0.793750 0.860417 0.791667 0.860417 0.787500 0.856250 0.781250 0.856250 0.779167 0.854167 0.760417 0.854167 0.758333 0.856250 0.756250 0.856250 0.747917 0.864583 0.743750 0.864583 0.741667 0.862500 0.739583 0.864583 0.737500 0.864583 0.735417 0.866667 0.733333 0.866667 0.731250 0.868750 0.727083 0.864583 0.725000 0.864583 0.720833 0.860417 0.718750 0.860417 0.716667 0.862500 0.706250 0.862500 0.704167 0.864583 0.689583 0.864583 0.679167 0.875000 0.675000 0.875000 0.672917 0.877083 0.670833 0.877083 0.668750 0.875000 0.666667 0.875000 0.664583 0.872917 0.664583 0.870833 0.662500 0.870833 0.660417 0.872917 0.641667 0.872917 0.639583 0.875000 0.635417 0.875000 0.633333 0.877083 0.631250 0.877083 0.629167 0.879167 0.627083 0.879167 0.625000 0.881250 0.620833 0.881250 0.618750 0.883333 0.616667 0.883333 0.614583 0.885417 0.612500 0.885417 0.608333 0.881250 0.606250 0.883333 0.597917 0.883333 0.595833 0.885417 0.593750 0.885417 0.591667 0.883333 0.587500 0.883333 0.581250 0.877083 0.579167 0.879167 0.577083 0.879167 0.572917 0.883333 0.570833 0.881250 0.568750 0.881250 0.562500 0.887500 0.562500 0.889583 0.560417 0.891667 0.552083 0.891667 0.550000 0.893750 0.552083 0.891667 0.562500 0.891667 0.572917 0.902083 0.572917 0.904167 0.570833 0.906250 0.577083 0.912500 0.577083 0.916667 0.575000 0.918750 0.575000 0.922917 0.581250 0.929167 0.581250 0.931250 0.581250 0.929167 0.575000 0.922917 0.575000 0.918750 0.577083 0.916667 0.577083 0.912500 0.570833 0.906250 0.572917 0.904167 0.572917 0.902083 0.562500 0.891667 0.564583 0.889583 0.562500 0.887500 0.568750 0.881250 0.570833 0.881250 0.572917 0.883333 0.577083 0.879167 0.579167 0.879167 0.581250 0.877083 0.587500 0.883333 0.591667 0.883333 0.593750 0.885417 0.595833 0.885417 0.597917 0.883333 0.606250 0.883333 0.608333 0.881250 0.612500 0.885417 0.614583 0.885417 0.616667 0.883333 0.618750 0.883333 0.620833 0.881250 0.622917 0.881250 0.625000 0.883333 0.625000 0.881250 0.627083 0.879167 0.629167 0.879167 0.631250 0.877083 0.633333 0.877083 0.635417 0.875000 0.639583 0.875000 0.641667 0.872917 0.664583 0.872917 0.666667 0.875000 0.668750 0.875000 0.670833 0.877083 0.672917 0.877083 0.675000 0.875000 0.679167 0.875000 0.689583 0.864583 0.704167 0.864583 0.706250 0.862500 0.718750 0.862500 0.720833 0.860417 0.725000 0.864583 0.727083 0.864583 0.731250 0.868750 0.733333 0.866667 0.735417 0.866667 0.737500 0.864583 0.739583 0.864583 0.741667 0.862500 0.743750 0.864583 0.747917 0.864583 0.756250 0.856250 0.758333 0.856250 0.760417 0.854167 0.779167 0.854167 0.781250 0.856250 0.787500 0.856250 0.791667 0.860417 0.793750 0.860417 0.802083 0.852083 0.806250 0.852083 0.808333 0.850000 0.820833 0.850000 0.822917 0.847917 0.827083 0.852083 0.833333 0.845833 0.847917 0.845833 0.850000 0.843750 0.858333 0.843750 0.860417 0.841667 0.864583 0.841667 0.872917 0.833333 0.875000 0.833333 0.877083 0.835417 0.881250 0.831250 0.885417 0.831250 0.889583 0.835417 0.897917 0.827083 0.908333 0.827083 0.910417 0.825000 0.912500 0.825000 0.914583 0.827083 0.918750 0.822917 0.920833 0.822917 0.922917 0.825000 0.927083 0.825000 0.933333 0.818750 0.937500 0.818750 0.943750 0.812500 0.947917 0.812500 0.952083 0.808333 0.956250 0.808333 0.958333 0.810417 0.960417 0.810417 0.962500 0.808333 0.964583 0.808333
0 0.227083 0.787500 0.243750 0.804167 0.247917 0.804167 0.256250 0.812500 0.258333 0.812500 0.279167 0.833333 0.258333 0.812500 0.256250 0.812500 0.250000 0.806250 0.250000 0.804167 0.243750 0.804167
0 0.114583 0.716667 0.116667 0.716667 0.118750 0.718750 0.122917 0.718750 0.125000 0.720833 0.125000 0.722917 0.127083 0.722917 0.131250 0.727083 0.133333 0.727083 0.135417 0.729167 0.139583 0.729167 0.147917 0.737500 0.150000 0.735417 0.152083 0.735417 0.156250 0.739583 0.156250 0.741667 0.160417 0.745833 0.164583 0.745833 0.166667 0.747917 0.170833 0.747917 0.172917 0.750000 0.175000 0.750000 0.177083 0.752083 0.181250 0.752083 0.185417 0.756250 0.187500 0.756250 0.189583 0.758333 0.191667 0.758333 0.200000 0.766667 0.202083 0.764583 0.204167 0.764583 0.218750 0.779167 0.218750 0.781250 0.220833 0.781250 0.222917 0.783333 0.204167 0.764583 0.202083 0.764583 0.200000 0.766667 0.191667 0.758333 0.189583 0.758333 0.187500 0.756250 0.185417 0.756250 0.181250 0.752083 0.177083 0.752083 0.175000 0.750000 0.172917 0.750000 0.170833 0.747917 0.166667 0.747917 0.164583 0.745833 0.160417 0.745833 0.156250 0.741667 0.156250 0.739583 0.152083 0.735417 0.150000 0.735417 0.147917 0.737500 0.139583 0.729167 0.135417 0.729167 0.133333 0.727083 0.131250 0.727083 0.122917 0.718750 0.118750 0.718750 0.116667 0.716667
0 0.022917 0.631250 0.020833 0.633333 0.022917 0.631250 0.027083 0.635417 0.029167 0.635417 0.031250 0.637500 0.031250 0.639583 0.047917 0.656250 0.050000 0.656250 0.062500 0.668750 0.062500 0.670833 0.079167 0.687500 0.081250 0.687500 0.093750 0.700000 0.093750 0.702083 0.097917 0.702083 0.104167 0.708333 0.106250 0.708333 0.110417 0.712500 0.106250 0.708333 0.104167 0.708333 0.097917 0.702083 0.095833 0.702083 0.081250 0.687500 0.079167 0.687500 0.062500 0.670833 0.062500 0.668750 0.050000 0.656250 0.047917 0.656250 0.031250 0.639583 0.031250 0.637500 0.029167 0.635417 0.027083 0.635417