0 0.483333 0.866667 0.487500 0.870833 0.489583 0.870833 0.493750 0.875000 0.495833 0.875000 0.500000 0.879167 0.500000 0.887500 0.506250 0.893750 0.506250 0.897917 0.510417 0.902083 0.510417 0.904167 0.512500 0.906250 0.514583 0.906250 0.522917 0.914583 0.527083 0.914583 0.531250 0.918750 0.531250 0.920833 0.535417 0.920833 0.550000 0.935417 0.552083 0.935417 0.556250 0.931250 0.564583 0.931250 0.568750 0.935417 0.570833 0.935417 0.572917 0.937500 0.577083 0.937500 0.595833 0.956250 0.597917 0.956250 0.602083 0.960417 0.616667 0.960417 0.639583 0.983333 0.645833 0.983333 0.656250 0.993750 0.645833 0.983333 0.639583 0.983333 0.616667 0.960417 0.602083 0.960417 0.597917 0.956250 0.595833 0.956250 0.593750 0.954167 0.593750 0.952083 0.591667 0.952083 0.577083 0.937500 0.572917 0.937500 0.570833 0.935417 0.568750 0.935417 0.564583 0.931250 0.556250 0.931250 0.552083 0.935417 0.550000 0.935417 0.535417 0.920833 0.533333 0.920833 0.527083 0.914583 0.522917 0.914583 0.514583 0.906250 0.512500 0.906250 0.510417 0.904167 0.510417 0.902083 0.506250 0.897917 0.506250 0.893750 0.500000 0.887500 0.500000 0.879167 0.495833 0.875000 0.493750 0.875000 0.489583 0.870833 0.487500 0.870833
0 0.464583 0.850000 0.466667 0.852083 0.464583 0.854167 0.470833 0.854167 0.479167 0.862500 0.468750 0.852083 0.466667 0.852083
0 0.435417 0.816667 0.435417 0.818750 0.437500 0.820833 0.437500 0.825000 0.439583 0.827083 0.439583 0.831250 0.450000 0.841667 0.452083 0.841667 0.454167 0.843750 0.458333 0.843750 0.460417 0.845833 0.458333 0.843750 0.454167 0.843750 0.452083 0.841667 0.450000 0.841667 0.439583 0.831250 0.439583 0.827083 0.437500 0.825000 0.437500 0.820833 0.435417 0.818750
0 0.375000 0.745833 0.375000 0.750000 0.377083 0.750000 0.379167 0.752083 0.377083 0.754167 0.381250 0.758333 0.383333 0.758333 0.400000 0.775000 0.400000 0.777083 0.402083 0.775000 0.406250 0.779167 0.406250 0.781250 0.408333 0.781250 0.420833 0.793750 0.420833 0.795833 0.433333 0.808333 0.433333 0.812500 0.433333 0.808333 0.422917 0.797917 0.422917 0.795833 0.402083 0.775000 0.400000 0.775000 0.383333 0.758333 0.381250 0.758333 0.379167 0.756250 0.379167 0.752083 0.375000 0.747917
0 0.343750 0.700000 0.352083 0.708333 0.352083 0.710417 0.354167 0.712500 0.352083 0.714583 0.354167 0.716667 0.356250 0.716667 0.358333 0.718750 0.360417 0.718750 0.370833 0.729167 0.370833 0.737500 0.372917 0.739583 0.372917 0.741667 0.372917 0.739583 0.370833 0.737500 0.370833 0.729167 0.360417 0.718750 0.358333 0.718750 0.354167 0.714583 0.354167 0.712500 0.352083 0.710417 0.352083 0.708333
0 0.325000 0.658333 0.335417 0.668750 0.335417 0.670833 0.341667 0.677083 0.341667 0.687500 0.341667 0.677083 0.337500 0.672917 0.337500 0.670833
0 0.312500 0.654167 0.314583 0.654167 0.316667 0.656250 0.320833 0.656250 0.316667 0.656250 0.314583 0.654167
0 0.260417 0.602083 0.266667 0.608333 0.266667 0.614583 0.275000 0.622917 0.275000 0.625000 0.277083 0.625000 0.279167 0.627083 0.279167 0.631250 0.281250 0.633333 0.279167 0.635417 0.285417 0.635417 0.287500 0.637500 0.295833 0.637500 0.304167 0.645833 0.306250 0.645833 0.310417 0.650000 0.306250 0.645833 0.304167 0.645833 0.295833 0.637500 0.287500 0.637500 0.285417 0.635417 0.283333 0.635417 0.279167 0.631250 0.279167 0.627083 0.266667 0.614583 0.266667 0.608333
0 0.258333 0.593750 0.260417 0.595833 0.260417 0.597917 0.260417 0.593750
0 0.200000 0.566667 0.200000 0.568750 0.202083 0.570833 0.200000 0.568750
0 0.193750 0.560417 0.195833 0.562500 0.197917 0.562500 0.195833 0.562500
0 0.137500 0.477083 0.137500 0.479167 0.141667 0.483333 0.141667 0.485417 0.145833 0.489583 0.145833 0.491667 0.150000 0.495833 0.150000 0.497917 0.154167 0.502083 0.154167 0.510417 0.156250 0.512500 0.156250 0.516667 0.170833 0.531250 0.172917 0.531250 0.187500 0.545833 0.187500 0.550000 0.189583 0.552083 0.189583 0.554167 0.191667 0.556250 0.189583 0.554167 0.189583 0.552083 0.187500 0.550000 0.187500 0.545833 0.172917 0.531250 0.170833 0.531250 0.156250 0.516667 0.156250 0.512500 0.154167 0.510417 0.154167 0.502083 0.150000 0.497917 0.150000 0.495833 0.145833 0.491667 0.145833 0.489583 0.141667 0.485417 0.141667 0.483333 0.137500 0.479167
0 0.127083 0.464583 0.127083 0.466667 0.129167 0.468750 0.131250 0.468750 0.133333 0.470833 0.133333 0.472917 0.133333 0.470833 0.131250 0.468750 0.129167 0.468750 0.127083 0.466667
0 0.075000 0.393750 0.077083 0.395833 0.077083 0.397917 0.083333 0.404167 0.083333 0.406250 0.085417 0.406250 0.089583 0.410417 0.089583 0.412500 0.093750 0.416667 0.093750 0.418750 0.110417 0.435417 0.110417 0.437500 0.112500 0.437500 0.116667 0.441667 0.116667 0.443750 0.120833 0.447917 0.120833 0.452083 0.122917 0.454167 0.122917 0.456250 0.125000 0.458333 0.125000 0.460417 0.125000 0.458333 0.122917 0.456250 0.122917 0.454167 0.120833 0.452083 0.120833 0.447917 0.116667 0.443750 0.116667 0.441667 0.093750 0.418750 0.093750 0.416667 0.089583 0.412500 0.089583 0.410417 0.077083 0.397917 0.077083 0.395833
0 0.041667 0.350000 0.045833 0.354167 0.045833 0.356250 0.052083 0.362500 0.052083 0.364583 0.062500 0.375000 0.062500 0.379167 0.070833 0.387500 0.070833 0.389583 0.070833 0.387500 0.062500 0.379167 0.062500 0.375000 0.052083 0.364583 0.052083 0.362500 0.045833 0.356250 0.045833 0.354167
0 0.006250 0.304167 0.008333 0.306250 0.008333 0.308333 0.010417 0.310417 0.010417 0.312500 0.014583 0.316667 0.014583 0.318750 0.016667 0.320833 0.016667 0.322917 0.031250 0.337500 0.031250 0.341667 0.033333 0.343750 0.035417 0.343750 0.037500 0.345833 0.035417 0.343750 0.033333 0.343750 0.031250 0.341667 0.031250 0.337500 0.016667 0.322917 0.016667 0.320833 0.014583 0.318750 0.014583 0.316667 0.010417 0.312500 0.010417 0.310417 0.008333 0.308333 0.008333 0.306250