0 0.689583 0.825000 0.691667 0.827083 0.691667 0.829167 0.700000 0.837500 0.700000 0.839583 0.704167 0.843750 0.708333 0.843750 0.716667 0.852083 0.725000 0.852083 0.737500 0.864583 0.739583 0.864583 0.741667 0.866667 0.743750 0.866667 0.747917 0.870833 0.750000 0.870833 0.754167 0.875000 0.756250 0.875000 0.772917 0.891667 0.772917 0.897917 0.793750 0.918750 0.793750 0.920833 0.831250 0.958333 0.831250 0.960417 0.839583 0.968750 0.841667 0.968750 0.843750 0.970833 0.843750 0.972917 0.858333 0.987500 0.843750 0.972917 0.843750 0.970833 0.841667 0.968750 0.839583 0.968750 0.831250 0.960417 0.831250 0.958333 0.812500 0.939583 0.812500 0.937500 0.810417 0.937500 0.793750 0.920833 0.793750 0.918750 0.772917 0.897917 0.772917 0.891667 0.756250 0.875000 0.754167 0.875000 0.752083 0.872917 0.752083 0.870833 0.747917 0.870833 0.743750 0.866667 0.741667 0.866667 0.739583 0.864583 0.737500 0.864583 0.725000 0.852083 0.716667 0.852083 0.708333 0.843750 0.704167 0.843750 0.700000 0.839583 0.700000 0.837500 0.691667 0.829167 0.691667 0.827083
0 0.589583 0.708333 0.593750 0.712500 0.593750 0.714583 0.595833 0.716667 0.595833 0.718750 0.597917 0.718750 0.600000 0.720833 0.600000 0.725000 0.652083 0.777083 0.654167 0.777083 0.656250 0.779167 0.656250 0.781250 0.658333 0.781250 0.664583 0.787500 0.664583 0.793750 0.670833 0.800000 0.670833 0.802083 0.675000 0.806250 0.675000 0.808333 0.677083 0.810417 0.677083 0.812500 0.679167 0.812500 0.687500 0.820833 0.675000 0.808333 0.675000 0.806250 0.670833 0.802083 0.670833 0.800000 0.664583 0.793750 0.664583 0.785417 0.662500 0.785417 0.654167 0.777083 0.652083 0.777083 0.600000 0.725000 0.600000 0.720833 0.593750 0.714583 0.593750 0.712500
0 0.510417 0.622917 0.514583 0.627083 0.514583 0.629167 0.516667 0.631250 0.516667 0.633333 0.522917 0.639583 0.522917 0.641667 0.531250 0.650000 0.531250 0.652083 0.535417 0.656250 0.537500 0.656250 0.562500 0.681250 0.562500 0.683333 0.566667 0.687500 0.568750 0.687500 0.585417 0.704167 0.568750 0.687500 0.566667 0.687500 0.562500 0.683333 0.562500 0.681250 0.537500 0.656250 0.535417 0.656250 0.531250 0.652083 0.531250 0.650000 0.522917 0.641667 0.522917 0.639583 0.516667 0.633333 0.516667 0.631250 0.514583 0.629167 0.514583 0.627083
0 0.500000 0.600000 0.500000 0.602083 0.502083 0.604167 0.502083 0.606250 0.506250 0.610417 0.506250 0.616667 0.508333 0.618750 0.506250 0.616667 0.506250 0.610417 0.502083 0.606250 0.502083 0.604167 0.500000 0.602083
0 0.439583 0.560417 0.441667 0.562500 0.443750 0.562500 0.450000 0.568750 0.443750 0.562500 0.441667 0.562500
0 0.464583 0.558333 0.477083 0.570833 0.477083 0.572917 0.483333 0.579167 0.483333 0.581250 0.487500 0.585417 0.487500 0.587500 0.493750 0.593750 0.495833 0.593750 0.497917 0.595833 0.495833 0.593750 0.493750 0.593750 0.487500 0.587500 0.487500 0.585417 0.483333 0.581250 0.483333 0.579167 0.477083 0.572917 0.477083 0.570833
0 0.381250 0.464583 0.389583 0.472917 0.389583 0.477083 0.387500 0.479167 0.387500 0.483333 0.391667 0.487500 0.391667 0.489583 0.393750 0.491667 0.393750 0.495833 0.395833 0.497917 0.395833 0.500000 0.400000 0.504167 0.400000 0.506250 0.402083 0.508333 0.402083 0.512500 0.404167 0.514583 0.404167 0.516667 0.406250 0.518750 0.406250 0.522917 0.410417 0.527083 0.410417 0.529167 0.420833 0.539583 0.414583 0.533333 0.414583 0.531250 0.412500 0.531250 0.410417 0.529167 0.410417 0.527083 0.406250 0.522917 0.406250 0.518750 0.404167 0.516667 0.404167 0.514583 0.402083 0.512500 0.402083 0.508333 0.400000 0.506250 0.400000 0.504167 0.395833 0.500000 0.395833 0.497917 0.393750 0.495833 0.393750 0.491667 0.391667 0.489583 0.391667 0.487500 0.387500 0.483333 0.387500 0.479167 0.389583 0.477083 0.389583 0.472917
0 0.347917 0.429167 0.350000 0.431250 0.350000 0.433333 0.354167 0.437500 0.356250 0.437500 0.375000 0.456250 0.375000 0.458333 0.377083 0.460417 0.375000 0.458333 0.375000 0.456250 0.356250 0.437500 0.354167 0.437500 0.350000 0.433333 0.350000 0.431250
0 0.310417 0.385417 0.312500 0.387500 0.312500 0.391667 0.343750 0.422917 0.343750 0.425000 0.343750 0.422917 0.312500 0.391667 0.312500 0.387500
0 0.250000 0.260417 0.252083 0.262500 0.252083 0.270833 0.254167 0.272917 0.254167 0.281250 0.258333 0.285417 0.258333 0.300000 0.260417 0.302083 0.258333 0.304167 0.258333 0.306250 0.268750 0.316667 0.268750 0.318750 0.270833 0.320833 0.270833 0.322917 0.272917 0.325000 0.272917 0.327083 0.275000 0.329167 0.275000 0.333333 0.277083 0.335417 0.277083 0.339583 0.279167 0.341667 0.279167 0.343750 0.281250 0.345833 0.281250 0.347917 0.293750 0.360417 0.293750 0.362500 0.297917 0.366667 0.297917 0.368750 0.300000 0.370833 0.300000 0.372917 0.302083 0.375000 0.304167 0.375000 0.306250 0.377083 0.306250 0.381250 0.306250 0.377083 0.304167 0.375000 0.302083 0.375000 0.300000 0.372917 0.300000 0.370833 0.297917 0.368750 0.297917 0.366667 0.293750 0.362500 0.293750 0.360417 0.281250 0.347917 0.281250 0.343750 0.277083 0.339583 0.277083 0.335417 0.275000 0.333333 0.275000 0.329167 0.272917 0.327083 0.272917 0.325000 0.270833 0.322917 0.270833 0.320833 0.268750 0.318750 0.268750 0.316667 0.258333 0.306250 0.258333 0.304167 0.260417 0.302083 0.258333 0.300000 0.258333 0.285417 0.256250 0.283333 0.256250 0.281250 0.254167 0.279167 0.254167 0.272917 0.252083 0.270833 0.252083 0.262500
0 0.243750 0.245833 0.245833 0.247917 0.245833 0.250000 0.250000 0.254167 0.250000 0.256250 0.250000 0.254167 0.245833 0.250000 0.245833 0.247917
0 0.231250 0.206250 0.231250 0.212500 0.233333 0.214583 0.233333 0.218750 0.235417 0.220833 0.235417 0.231250 0.239583 0.235417 0.235417 0.231250 0.235417 0.220833 0.233333 0.218750 0.233333 0.214583 0.231250 0.212500
0 0.204167 0.104167 0.202083 0.106250 0.206250 0.110417 0.206250 0.114583 0.208333 0.116667 0.208333 0.118750 0.212500 0.122917 0.212500 0.125000 0.216667 0.129167 0.216667 0.131250 0.218750 0.133333 0.218750 0.145833 0.222917 0.150000 0.222917 0.158333 0.225000 0.160417 0.225000 0.166667 0.222917 0.168750 0.222917 0.177083 0.225000 0.179167 0.225000 0.181250 0.227083 0.183333 0.227083 0.187500 0.229167 0.189583 0.229167 0.202083 0.229167 0.189583 0.227083 0.187500 0.227083 0.183333 0.225000 0.181250 0.225000 0.179167 0.222917 0.177083 0.222917 0.168750 0.225000 0.166667 0.225000 0.160417 0.222917 0.158333 0.222917 0.150000 0.218750 0.145833 0.218750 0.133333 0.216667 0.131250 0.216667 0.129167 0.214583 0.127083 0.214583 0.125000 0.208333 0.118750 0.208333 0.116667 0.206250 0.114583 0.206250 0.110417 0.202083 0.106250
0 0.189583 0.050000 0.191667 0.052083 0.191667 0.056250 0.193750 0.058333 0.193750 0.062500 0.195833 0.064583 0.195833 0.075000 0.200000 0.079167 0.197917 0.081250 0.197917 0.085417 0.200000 0.087500 0.200000 0.091667 0.204167 0.095833 0.204167 0.100000 0.204167 0.095833 0.200000 0.091667 0.200000 0.087500 0.197917 0.085417 0.197917 0.081250 0.200000 0.079167 0.195833 0.075000 0.195833 0.064583 0.193750 0.062500 0.193750 0.058333 0.191667 0.056250 0.191667 0.052083
0 0.170833 0.000000 0.172917 0.002083 0.172917 0.004167 0.177083 0.008333 0.177083 0.012500 0.183333 0.018750 0.183333 0.020833 0.185417 0.022917 0.185417 0.027083 0.187500 0.029167 0.187500 0.043750 0.189583 0.045833 0.187500 0.043750 0.187500 0.029167 0.185417 0.027083 0.185417 0.022917 0.183333 0.020833 0.183333 0.018750 0.177083 0.012500 0.177083 0.008333 0.172917 0.004167 0.172917 0.002083