0 0.675000 0.706250 0.677083 0.708333 0.679167 0.708333 0.681250 0.710417 0.685417 0.710417 0.687500 0.712500 0.689583 0.712500 0.695833 0.718750 0.700000 0.718750 0.702083 0.720833 0.720833 0.720833 0.722917 0.722917 0.727083 0.722917 0.729167 0.725000 0.747917 0.725000 0.750000 0.727083 0.764583 0.727083 0.766667 0.729167 0.768750 0.729167 0.772917 0.733333 0.775000 0.733333 0.783333 0.741667 0.797917 0.741667 0.800000 0.743750 0.802083 0.743750 0.806250 0.747917 0.812500 0.747917 0.814583 0.750000 0.835417 0.750000 0.837500 0.752083 0.839583 0.752083 0.843750 0.756250 0.845833 0.756250 0.847917 0.758333 0.854167 0.758333 0.856250 0.760417 0.879167 0.760417 0.881250 0.762500 0.904167 0.762500 0.906250 0.760417 0.910417 0.760417 0.912500 0.758333 0.916667 0.758333 0.918750 0.760417 0.937500 0.760417 0.939583 0.758333 0.950000 0.758333 0.954167 0.754167 0.958333 0.754167 0.962500 0.750000 0.966667 0.750000 0.968750 0.747917 0.970833 0.750000 0.979167 0.750000 0.981250 0.747917 0.985417 0.747917 0.987500 0.750000 0.989583 0.750000 0.991667 0.747917 0.989583 0.750000 0.987500 0.750000 0.985417 0.747917 0.981250 0.747917 0.979167 0.750000 0.970833 0.750000 0.968750 0.747917 0.966667 0.750000 0.962500 0.750000 0.958333 0.754167 0.954167 0.754167 0.950000 0.758333 0.939583 0.758333 0.937500 0.760417 0.918750 0.760417 0.916667 0.758333 0.912500 0.758333 0.910417 0.760417 0.906250 0.760417 0.904167 0.762500 0.881250 0.762500 0.879167 0.760417 0.856250 0.760417 0.854167 0.758333 0.847917 0.758333 0.845833 0.756250 0.843750 0.756250 0.839583 0.752083 0.837500 0.752083 0.835417 0.750000 0.814583 0.750000 0.812500 0.747917 0.806250 0.747917 0.802083 0.743750 0.800000 0.743750 0.797917 0.741667 0.783333 0.741667 0.775000 0.733333 0.772917 0.733333 0.768750 0.729167 0.766667 0.729167 0.764583 0.727083 0.750000 0.727083 0.747917 0.725000 0.729167 0.725000 0.727083 0.722917 0.722917 0.722917 0.720833 0.720833 0.702083 0.720833 0.700000 0.718750 0.695833 0.718750 0.689583 0.712500 0.687500 0.712500 0.685417 0.710417 0.681250 0.710417 0.679167 0.708333 0.677083 0.708333
0 0.425000 0.700000 0.429167 0.704167 0.435417 0.704167 0.437500 0.706250 0.441667 0.706250 0.443750 0.708333 0.447917 0.708333 0.454167 0.702083 0.456250 0.702083 0.454167 0.702083 0.447917 0.708333 0.443750 0.708333 0.441667 0.706250 0.437500 0.706250 0.435417 0.704167 0.429167 0.704167
0 0.414583 0.691667 0.416667 0.693750 0.418750 0.693750 0.420833 0.695833 0.418750 0.693750 0.416667 0.693750
0 0.562500 0.668750 0.562500 0.670833 0.560417 0.672917 0.545833 0.672917 0.543750 0.675000 0.539583 0.675000 0.537500 0.677083 0.535417 0.677083 0.531250 0.681250 0.529167 0.681250 0.527083 0.683333 0.522917 0.683333 0.520833 0.685417 0.506250 0.685417 0.504167 0.687500 0.500000 0.687500 0.497917 0.689583 0.491667 0.689583 0.485417 0.695833 0.483333 0.695833 0.481250 0.693750 0.475000 0.693750 0.466667 0.702083 0.460417 0.702083 0.466667 0.702083 0.475000 0.693750 0.481250 0.693750 0.483333 0.695833 0.485417 0.695833 0.491667 0.689583 0.497917 0.689583 0.500000 0.687500 0.504167 0.687500 0.506250 0.685417 0.520833 0.685417 0.522917 0.683333 0.527083 0.683333 0.529167 0.681250 0.531250 0.681250 0.535417 0.677083 0.537500 0.677083 0.539583 0.675000 0.543750 0.675000 0.545833 0.672917 0.560417 0.672917 0.564583 0.668750 0.566667 0.668750 0.568750 0.670833 0.579167 0.670833 0.583333 0.675000 0.587500 0.675000 0.593750 0.681250 0.608333 0.681250 0.610417 0.683333 0.612500 0.683333 0.614583 0.685417 0.616667 0.685417 0.618750 0.687500 0.629167 0.687500 0.631250 0.689583 0.637500 0.689583 0.639583 0.691667 0.645833 0.691667 0.647917 0.693750 0.654167 0.693750 0.656250 0.695833 0.662500 0.695833 0.670833 0.704167 0.662500 0.695833 0.656250 0.695833 0.654167 0.693750 0.647917 0.693750 0.645833 0.691667 0.639583 0.691667 0.637500 0.689583 0.631250 0.689583 0.629167 0.687500 0.618750 0.687500 0.616667 0.685417 0.614583 0.685417 0.612500 0.683333 0.610417 0.683333 0.608333 0.681250 0.593750 0.681250 0.587500 0.675000 0.583333 0.675000 0.577083 0.668750
0 0.335417 0.656250 0.337500 0.658333 0.343750 0.658333 0.347917 0.662500 0.350000 0.662500 0.356250 0.668750 0.358333 0.668750 0.364583 0.675000 0.372917 0.675000 0.375000 0.677083 0.383333 0.677083 0.385417 0.679167 0.393750 0.679167 0.402083 0.687500 0.404167 0.687500 0.406250 0.689583 0.410417 0.689583 0.408333 0.689583 0.406250 0.687500 0.402083 0.687500 0.393750 0.679167 0.385417 0.679167 0.383333 0.677083 0.377083 0.677083 0.375000 0.675000 0.364583 0.675000 0.358333 0.668750 0.356250 0.668750 0.350000 0.662500 0.347917 0.662500 0.343750 0.658333 0.337500 0.658333
0 0.625000 0.589583 0.620833 0.593750 0.610417 0.593750 0.597917 0.606250 0.589583 0.606250 0.587500 0.604167 0.577083 0.604167 0.575000 0.602083 0.568750 0.602083 0.566667 0.600000 0.562500 0.600000 0.556250 0.593750 0.554167 0.593750 0.552083 0.591667 0.543750 0.591667 0.552083 0.591667 0.554167 0.593750 0.556250 0.593750 0.562500 0.600000 0.566667 0.600000 0.568750 0.602083 0.575000 0.602083 0.577083 0.604167 0.587500 0.604167 0.589583 0.606250 0.597917 0.606250 0.610417 0.593750 0.620833 0.593750 0.622917 0.591667 0.625000 0.591667 0.627083 0.589583 0.631250 0.589583
0 0.510417 0.581250 0.518750 0.581250 0.520833 0.583333 0.529167 0.583333 0.531250 0.585417 0.533333 0.585417 0.535417 0.587500 0.539583 0.587500 0.535417 0.587500 0.533333 0.585417 0.531250 0.585417 0.529167 0.583333 0.520833 0.583333 0.518750 0.581250
0 0.456250 0.558333 0.460417 0.562500 0.462500 0.562500 0.468750 0.568750 0.468750 0.570833 0.487500 0.570833 0.491667 0.575000 0.495833 0.575000 0.497917 0.577083 0.500000 0.577083 0.502083 0.579167 0.504167 0.579167 0.506250 0.581250 0.504167 0.579167 0.502083 0.579167 0.500000 0.577083 0.497917 0.577083 0.495833 0.575000 0.491667 0.575000 0.487500 0.570833 0.470833 0.570833 0.462500 0.562500 0.460417 0.562500
0 0.818750 0.554167 0.816667 0.556250 0.814583 0.556250 0.810417 0.560417 0.814583 0.556250 0.816667 0.556250
0 0.754167 0.547917 0.747917 0.554167 0.745833 0.554167 0.743750 0.556250 0.739583 0.556250 0.735417 0.560417 0.733333 0.560417 0.731250 0.562500 0.718750 0.562500 0.718750 0.564583 0.714583 0.568750 0.704167 0.568750 0.702083 0.570833 0.693750 0.570833 0.691667 0.572917 0.683333 0.572917 0.681250 0.575000 0.666667 0.575000 0.656250 0.585417 0.656250 0.587500 0.654167 0.589583 0.647917 0.589583 0.645833 0.587500 0.639583 0.587500 0.637500 0.589583 0.635417 0.589583 0.637500 0.589583 0.639583 0.587500 0.645833 0.587500 0.647917 0.589583 0.654167 0.589583 0.656250 0.587500 0.656250 0.585417 0.666667 0.575000 0.681250 0.575000 0.683333 0.572917 0.691667 0.572917 0.693750 0.570833 0.702083 0.570833 0.704167 0.568750 0.714583 0.568750 0.720833 0.562500 0.731250 0.562500 0.733333 0.560417 0.735417 0.560417 0.739583 0.556250 0.743750 0.556250 0.745833 0.554167 0.750000 0.554167 0.750000 0.552083 0.754167 0.547917 0.756250 0.547917 0.758333 0.550000 0.762500 0.550000 0.764583 0.552083 0.766667 0.552083 0.768750 0.554167 0.772917 0.554167 0.775000 0.556250 0.783333 0.556250 0.789583 0.562500 0.806250 0.562500 0.789583 0.562500 0.783333 0.556250 0.775000 0.556250 0.772917 0.554167 0.768750 0.554167 0.766667 0.552083 0.764583 0.552083 0.762500 0.550000 0.758333 0.550000 0.756250 0.547917
0 0.168750 0.545833 0.172917 0.545833 0.175000 0.547917 0.179167 0.547917 0.181250 0.550000 0.185417 0.550000 0.187500 0.552083 0.195833 0.552083 0.197917 0.554167 0.200000 0.554167 0.202083 0.556250 0.216667 0.556250 0.218750 0.558333 0.222917 0.558333 0.225000 0.560417 0.247917 0.560417 0.250000 0.558333 0.279167 0.558333 0.281250 0.560417 0.291667 0.560417 0.293750 0.562500 0.295833 0.562500 0.300000 0.566667 0.304167 0.566667 0.306250 0.568750 0.308333 0.568750 0.312500 0.572917 0.314583 0.572917 0.318750 0.577083 0.320833 0.577083 0.322917 0.579167 0.331250 0.579167 0.333333 0.577083 0.337500 0.577083 0.339583 0.575000 0.341667 0.575000 0.345833 0.570833 0.347917 0.570833 0.350000 0.572917 0.360417 0.572917 0.362500 0.575000 0.372917 0.575000 0.375000 0.572917 0.375000 0.570833 0.377083 0.568750 0.379167 0.568750 0.383333 0.564583 0.385417 0.564583 0.387500 0.562500 0.393750 0.562500 0.395833 0.560417 0.397917 0.560417 0.406250 0.552083 0.406250 0.550000 0.408333 0.547917 0.410417 0.550000 0.416667 0.550000 0.418750 0.547917 0.422917 0.547917 0.425000 0.550000 0.431250 0.550000 0.433333 0.552083 0.435417 0.552083 0.437500 0.554167 0.441667 0.554167 0.443750 0.556250 0.450000 0.556250 0.452083 0.558333 0.450000 0.556250 0.443750 0.556250 0.441667 0.554167 0.439583 0.554167 0.437500 0.552083 0.433333 0.552083 0.431250 0.550000 0.425000 0.550000 0.422917 0.547917 0.418750 0.547917 0.416667 0.550000 0.410417 0.550000 0.408333 0.547917 0.406250 0.550000 0.406250 0.552083 0.397917 0.560417 0.395833 0.560417 0.393750 0.562500 0.387500 0.562500 0.385417 0.564583 0.383333 0.564583 0.379167 0.568750 0.377083 0.568750 0.375000 0.570833 0.375000 0.572917 0.372917 0.575000 0.362500 0.575000 0.360417 0.572917 0.350000 0.572917 0.347917 0.570833 0.343750 0.570833 0.343750 0.572917 0.341667 0.575000 0.339583 0.575000 0.337500 0.577083 0.333333 0.577083 0.331250 0.579167 0.322917 0.579167 0.320833 0.577083 0.318750 0.577083 0.314583 0.572917 0.312500 0.572917 0.308333 0.568750 0.306250 0.568750 0.304167 0.566667 0.300000 0.566667 0.295833 0.562500 0.293750 0.562500 0.291667 0.560417 0.281250 0.560417 0.279167 0.558333 0.250000 0.558333 0.247917 0.560417 0.225000 0.560417 0.222917 0.558333 0.218750 0.558333 0.216667 0.556250 0.202083 0.556250 0.200000 0.554167 0.197917 0.554167 0.195833 0.552083 0.187500 0.552083 0.185417 0.550000 0.181250 0.550000 0.179167 0.547917 0.175000 0.547917 0.172917 0.545833
0 0.843750 0.541667 0.841667 0.543750 0.835417 0.543750 0.829167 0.550000 0.827083 0.550000 0.825000 0.552083 0.822917 0.552083 0.825000 0.552083 0.827083 0.550000 0.829167 0.550000 0.835417 0.543750 0.841667 0.543750
0 0.935417 0.504167 0.933333 0.506250 0.929167 0.506250 0.927083 0.508333 0.925000 0.508333 0.906250 0.527083 0.902083 0.527083 0.900000 0.529167 0.897917 0.529167 0.895833 0.531250 0.870833 0.531250 0.868750 0.529167 0.862500 0.529167 0.860417 0.531250 0.856250 0.531250 0.850000 0.537500 0.845833 0.537500 0.850000 0.537500 0.856250 0.531250 0.860417 0.531250 0.862500 0.529167 0.868750 0.529167 0.870833 0.531250 0.895833 0.531250 0.897917 0.529167 0.900000 0.529167 0.902083 0.527083 0.906250 0.527083 0.925000 0.508333 0.927083 0.508333 0.929167 0.506250 0.933333 0.506250 0.935417 0.504167 0.954167 0.504167 0.956250 0.506250 0.960417 0.506250 0.962500 0.508333 0.964583 0.508333 0.972917 0.516667 0.977083 0.516667 0.972917 0.516667 0.964583 0.508333 0.962500 0.508333 0.960417 0.506250 0.956250 0.506250 0.954167 0.504167
0 0.043750 0.497917 0.041667 0.500000 0.039583 0.500000 0.037500 0.502083 0.035417 0.502083 0.031250 0.506250 0.029167 0.506250 0.027083 0.508333 0.018750 0.508333 0.016667 0.510417 0.014583 0.510417 0.012500 0.512500 0.010417 0.512500 0.006250 0.516667 0.010417 0.512500 0.012500 0.512500 0.014583 0.510417 0.016667 0.510417 0.018750 0.508333 0.029167 0.508333 0.035417 0.514583 0.037500 0.514583 0.041667 0.518750 0.043750 0.518750 0.045833 0.520833 0.050000 0.520833 0.052083 0.522917 0.050000 0.520833 0.045833 0.520833 0.043750 0.518750 0.041667 0.518750 0.037500 0.514583 0.035417 0.514583 0.031250 0.510417 0.031250 0.506250 0.035417 0.502083 0.037500 0.502083 0.039583 0.500000 0.041667 0.500000 0.043750 0.497917 0.045833 0.497917
0 0.066667 0.491667 0.077083 0.491667 0.083333 0.497917 0.087500 0.497917 0.089583 0.500000 0.093750 0.500000 0.097917 0.504167 0.100000 0.504167 0.108333 0.512500 0.112500 0.512500 0.114583 0.514583 0.118750 0.514583 0.131250 0.527083 0.133333 0.527083 0.135417 0.525000 0.139583 0.529167 0.137500 0.531250 0.125000 0.531250 0.122917 0.533333 0.093750 0.533333 0.091667 0.531250 0.075000 0.531250 0.072917 0.529167 0.066667 0.529167 0.062500 0.525000 0.060417 0.525000 0.062500 0.525000 0.066667 0.529167 0.072917 0.529167 0.075000 0.531250 0.091667 0.531250 0.093750 0.533333 0.122917 0.533333 0.125000 0.531250 0.137500 0.531250 0.139583 0.533333 0.141667 0.531250 0.143750 0.531250 0.145833 0.533333 0.147917 0.533333 0.150000 0.535417 0.152083 0.535417 0.156250 0.539583 0.158333 0.539583 0.162500 0.543750 0.164583 0.543750 0.162500 0.543750 0.158333 0.539583 0.156250 0.539583 0.152083 0.535417 0.150000 0.535417 0.147917 0.533333 0.145833 0.533333 0.143750 0.531250 0.141667 0.531250 0.135417 0.525000 0.133333 0.527083 0.131250 0.527083 0.118750 0.514583 0.114583 0.514583 0.112500 0.512500 0.108333 0.512500 0.100000 0.504167 0.097917 0.504167 0.093750 0.500000 0.089583 0.500000 0.087500 0.497917 0.083333 0.497917 0.077083 0.491667
0 0.054167 0.489583 0.050000 0.493750 0.054167 0.489583 0.060417 0.489583 0.062500 0.491667 0.060417 0.489583