0 0.977083 0.637500 0.985417 0.645833 0.987500 0.645833 0.991667 0.650000 0.987500 0.645833 0.985417 0.645833
0 0.854167 0.550000 0.866667 0.562500 0.868750 0.562500 0.870833 0.564583 0.872917 0.564583 0.875000 0.566667 0.875000 0.568750 0.877083 0.570833 0.883333 0.570833 0.887500 0.575000 0.889583 0.575000 0.906250 0.591667 0.906250 0.593750 0.908333 0.593750 0.918750 0.604167 0.920833 0.602083 0.927083 0.608333 0.931250 0.608333 0.937500 0.614583 0.937500 0.616667 0.939583 0.616667 0.947917 0.625000 0.960417 0.625000 0.962500 0.627083 0.966667 0.627083 0.968750 0.629167 0.968750 0.631250 0.970833 0.633333 0.972917 0.633333 0.970833 0.633333 0.968750 0.631250 0.968750 0.629167 0.966667 0.627083 0.962500 0.627083 0.960417 0.625000 0.947917 0.625000 0.931250 0.608333 0.927083 0.608333 0.920833 0.602083 0.918750 0.604167 0.889583 0.575000 0.887500 0.575000 0.883333 0.570833 0.877083 0.570833 0.875000 0.568750 0.875000 0.566667 0.872917 0.564583 0.870833 0.564583 0.868750 0.562500 0.866667 0.562500
0 0.754167 0.510417 0.756250 0.512500 0.760417 0.512500 0.762500 0.514583 0.777083 0.514583 0.781250 0.518750 0.793750 0.518750 0.797917 0.522917 0.800000 0.522917 0.802083 0.525000 0.806250 0.525000 0.808333 0.527083 0.812500 0.527083 0.814583 0.529167 0.816667 0.529167 0.818750 0.531250 0.820833 0.531250 0.827083 0.537500 0.831250 0.537500 0.833333 0.539583 0.837500 0.539583 0.839583 0.541667 0.841667 0.541667 0.843750 0.543750 0.845833 0.543750 0.847917 0.545833 0.850000 0.545833 0.847917 0.545833 0.845833 0.543750 0.843750 0.543750 0.841667 0.541667 0.839583 0.541667 0.837500 0.539583 0.833333 0.539583 0.831250 0.537500 0.827083 0.537500 0.820833 0.531250 0.818750 0.531250 0.816667 0.529167 0.814583 0.529167 0.812500 0.527083 0.808333 0.527083 0.806250 0.525000 0.802083 0.525000 0.800000 0.522917 0.797917 0.522917 0.793750 0.518750 0.781250 0.518750 0.777083 0.514583 0.762500 0.514583 0.760417 0.512500 0.756250 0.512500
0 0.731250 0.500000 0.733333 0.500000 0.739583 0.506250 0.741667 0.506250 0.743750 0.508333 0.750000 0.508333 0.743750 0.508333 0.741667 0.506250 0.739583 0.506250 0.733333 0.500000
0 0.718750 0.456250 0.718750 0.458333 0.714583 0.462500 0.712500 0.462500 0.710417 0.460417 0.708333 0.462500 0.706250 0.462500 0.704167 0.464583 0.702083 0.464583 0.700000 0.462500 0.700000 0.466667 0.702083 0.464583 0.704167 0.464583 0.706250 0.462500 0.708333 0.462500 0.710417 0.460417 0.712500 0.462500 0.714583 0.462500 0.720833 0.456250 0.731250 0.466667 0.731250 0.470833 0.733333 0.472917 0.733333 0.485417 0.727083 0.491667 0.733333 0.485417 0.733333 0.472917 0.731250 0.470833 0.731250 0.464583 0.729167 0.464583 0.720833 0.456250
0 0.689583 0.441667 0.689583 0.443750 0.691667 0.445833 0.691667 0.454167 0.695833 0.458333 0.691667 0.454167 0.691667 0.445833 0.689583 0.443750
0 0.633333 0.397917 0.641667 0.406250 0.643750 0.406250 0.656250 0.418750 0.656250 0.420833 0.660417 0.425000 0.662500 0.425000 0.664583 0.427083 0.666667 0.427083 0.675000 0.435417 0.681250 0.435417 0.683333 0.437500 0.687500 0.437500 0.683333 0.437500 0.681250 0.435417 0.675000 0.435417 0.666667 0.427083 0.664583 0.427083 0.662500 0.425000 0.660417 0.425000 0.656250 0.420833 0.656250 0.418750 0.643750 0.406250 0.641667 0.406250
0 0.495833 0.372917 0.508333 0.372917 0.510417 0.375000 0.512500 0.375000 0.525000 0.387500 0.527083 0.387500 0.531250 0.391667 0.539583 0.391667 0.541667 0.389583 0.570833 0.389583 0.572917 0.391667 0.587500 0.391667 0.589583 0.393750 0.595833 0.393750 0.597917 0.391667 0.604167 0.391667 0.606250 0.393750 0.608333 0.391667 0.618750 0.402083 0.620833 0.402083 0.625000 0.397917 0.625000 0.395833 0.627083 0.393750 0.629167 0.395833 0.627083 0.393750 0.625000 0.395833 0.625000 0.397917 0.620833 0.402083 0.618750 0.402083 0.608333 0.391667 0.606250 0.393750 0.604167 0.391667 0.597917 0.391667 0.595833 0.393750 0.589583 0.393750 0.587500 0.391667 0.572917 0.391667 0.570833 0.389583 0.541667 0.389583 0.539583 0.391667 0.531250 0.391667 0.527083 0.387500 0.525000 0.387500 0.512500 0.375000 0.510417 0.375000 0.508333 0.372917
0 0.470833 0.325000 0.470833 0.327083 0.472917 0.329167 0.472917 0.337500 0.475000 0.339583 0.475000 0.345833 0.477083 0.347917 0.477083 0.352083 0.493750 0.368750 0.491667 0.370833 0.493750 0.368750 0.477083 0.352083 0.477083 0.347917 0.475000 0.345833 0.475000 0.339583 0.472917 0.337500 0.472917 0.329167 0.470833 0.327083
0 0.447917 0.306250 0.452083 0.310417 0.458333 0.310417 0.460417 0.312500 0.462500 0.312500 0.464583 0.314583 0.462500 0.312500 0.460417 0.312500 0.458333 0.310417 0.452083 0.310417
0 0.412500 0.285417 0.414583 0.287500 0.418750 0.287500 0.427083 0.295833 0.431250 0.295833 0.437500 0.302083 0.439583 0.302083 0.441667 0.304167 0.443750 0.304167 0.441667 0.304167 0.437500 0.300000 0.435417 0.300000 0.431250 0.295833 0.427083 0.295833 0.418750 0.287500 0.414583 0.287500
0 0.354167 0.258333 0.350000 0.262500 0.341667 0.262500 0.339583 0.264583 0.335417 0.264583 0.331250 0.268750 0.335417 0.264583 0.339583 0.264583 0.341667 0.262500 0.350000 0.262500 0.354167 0.258333 0.356250 0.258333 0.358333 0.260417 0.362500 0.260417 0.366667 0.264583 0.368750 0.264583 0.375000 0.270833 0.375000 0.272917 0.377083 0.275000 0.387500 0.275000 0.389583 0.277083 0.391667 0.277083 0.395833 0.281250 0.400000 0.281250 0.402083 0.283333 0.404167 0.283333 0.406250 0.285417 0.408333 0.285417 0.406250 0.283333 0.402083 0.283333 0.400000 0.281250 0.395833 0.281250 0.391667 0.277083 0.389583 0.277083 0.387500 0.275000 0.377083 0.275000 0.375000 0.272917 0.375000 0.270833 0.368750 0.264583 0.366667 0.264583 0.362500 0.260417 0.358333 0.260417 0.356250 0.258333