0 0.541667 0.925000 0.541667 0.929167 0.543750 0.931250 0.543750 0.935417 0.545833 0.937500 0.545833 0.945833 0.547917 0.947917 0.547917 0.950000 0.545833 0.952083 0.545833 0.958333 0.543750 0.960417 0.543750 0.966667 0.541667 0.968750 0.541667 0.979167 0.543750 0.981250 0.543750 0.989583 0.545833 0.991667 0.545833 0.993750 0.547917 0.995833 0.545833 0.993750 0.545833 0.991667 0.543750 0.989583 0.543750 0.981250 0.541667 0.979167 0.541667 0.968750 0.543750 0.966667 0.543750 0.960417 0.545833 0.958333 0.545833 0.952083 0.547917 0.950000 0.547917 0.947917 0.545833 0.945833 0.545833 0.937500 0.543750 0.935417 0.543750 0.931250 0.541667 0.929167
0 0.558333 0.775000 0.558333 0.779167 0.556250 0.781250 0.556250 0.787500 0.554167 0.789583 0.554167 0.793750 0.552083 0.795833 0.552083 0.797917 0.550000 0.800000 0.550000 0.804167 0.547917 0.806250 0.547917 0.831250 0.550000 0.833333 0.550000 0.841667 0.554167 0.845833 0.554167 0.860417 0.539583 0.875000 0.539583 0.906250 0.543750 0.910417 0.543750 0.912500 0.541667 0.914583 0.541667 0.920833 0.541667 0.914583 0.543750 0.912500 0.543750 0.910417 0.541667 0.908333 0.541667 0.906250 0.539583 0.904167 0.539583 0.875000 0.554167 0.860417 0.554167 0.845833 0.550000 0.841667 0.550000 0.833333 0.547917 0.831250 0.547917 0.806250 0.550000 0.804167 0.550000 0.800000 0.552083 0.797917 0.552083 0.795833 0.554167 0.793750 0.554167 0.789583 0.556250 0.787500 0.556250 0.781250 0.558333 0.779167
0 0.531250 0.606250 0.531250 0.618750 0.529167 0.620833 0.529167 0.622917 0.527083 0.625000 0.525000 0.625000 0.525000 0.637500 0.527083 0.639583 0.527083 0.662500 0.529167 0.664583 0.529167 0.677083 0.531250 0.679167 0.531250 0.689583 0.545833 0.704167 0.545833 0.710417 0.539583 0.716667 0.543750 0.720833 0.543750 0.729167 0.547917 0.733333 0.547917 0.735417 0.550000 0.737500 0.550000 0.747917 0.554167 0.752083 0.554167 0.756250 0.556250 0.758333 0.556250 0.762500 0.560417 0.766667 0.560417 0.770833 0.560417 0.766667 0.556250 0.762500 0.556250 0.758333 0.554167 0.756250 0.554167 0.750000 0.552083 0.750000 0.550000 0.747917 0.550000 0.737500 0.547917 0.735417 0.547917 0.733333 0.543750 0.729167 0.543750 0.720833 0.539583 0.716667 0.545833 0.710417 0.545833 0.704167 0.531250 0.689583 0.531250 0.679167 0.529167 0.677083 0.529167 0.664583 0.527083 0.662500 0.527083 0.639583 0.525000 0.637500 0.525000 0.627083 0.529167 0.622917 0.529167 0.620833 0.531250 0.618750
0 0.531250 0.495833 0.531250 0.500000 0.533333 0.502083 0.533333 0.512500 0.535417 0.514583 0.535417 0.529167 0.537500 0.531250 0.537500 0.545833 0.535417 0.547917 0.535417 0.550000 0.537500 0.552083 0.537500 0.556250 0.539583 0.558333 0.539583 0.583333 0.537500 0.585417 0.537500 0.587500 0.535417 0.589583 0.535417 0.591667 0.533333 0.593750 0.531250 0.593750 0.531250 0.595833 0.535417 0.591667 0.535417 0.589583 0.537500 0.587500 0.537500 0.585417 0.539583 0.583333 0.539583 0.558333 0.537500 0.556250 0.537500 0.552083 0.535417 0.550000 0.535417 0.547917 0.537500 0.545833 0.537500 0.531250 0.535417 0.529167 0.535417 0.514583 0.533333 0.512500 0.533333 0.502083 0.531250 0.500000
0 0.543750 0.431250 0.543750 0.433333 0.535417 0.441667 0.535417 0.443750 0.531250 0.447917 0.531250 0.454167 0.531250 0.447917 0.535417 0.443750 0.535417 0.441667 0.543750 0.433333
0 0.556250 0.318750 0.560417 0.322917 0.560417 0.325000 0.562500 0.327083 0.562500 0.343750 0.556250 0.350000 0.556250 0.364583 0.554167 0.366667 0.554167 0.368750 0.552083 0.370833 0.552083 0.372917 0.550000 0.375000 0.550000 0.381250 0.547917 0.383333 0.547917 0.395833 0.545833 0.397917 0.545833 0.427083 0.545833 0.397917 0.547917 0.395833 0.547917 0.383333 0.550000 0.381250 0.550000 0.375000 0.552083 0.372917 0.552083 0.370833 0.554167 0.368750 0.554167 0.366667 0.556250 0.364583 0.556250 0.350000 0.562500 0.343750 0.562500 0.327083 0.560417 0.325000 0.560417 0.322917
0 0.545833 0.302083 0.552083 0.308333 0.552083 0.312500 0.554167 0.314583 0.554167 0.312500 0.552083 0.310417 0.552083 0.308333
0 0.541667 0.193750 0.541667 0.208333 0.539583 0.210417 0.539583 0.239583 0.537500 0.241667 0.537500 0.247917 0.535417 0.250000 0.535417 0.262500 0.533333 0.264583 0.533333 0.275000 0.531250 0.277083 0.531250 0.279167 0.533333 0.281250 0.533333 0.285417 0.543750 0.295833 0.543750 0.297917 0.543750 0.295833 0.533333 0.285417 0.533333 0.281250 0.531250 0.279167 0.531250 0.277083 0.533333 0.275000 0.533333 0.264583 0.535417 0.262500 0.535417 0.250000 0.537500 0.247917 0.537500 0.241667 0.539583 0.239583 0.539583 0.210417 0.541667 0.208333
0 0.504167 0.152083 0.506250 0.154167 0.506250 0.160417 0.508333 0.162500 0.508333 0.172917 0.514583 0.179167 0.514583 0.181250 0.518750 0.185417 0.520833 0.183333 0.522917 0.185417 0.533333 0.185417 0.535417 0.187500 0.539583 0.187500 0.537500 0.187500 0.533333 0.183333 0.531250 0.183333 0.529167 0.185417 0.522917 0.185417 0.520833 0.183333 0.518750 0.185417 0.514583 0.181250 0.514583 0.179167 0.508333 0.172917 0.508333 0.162500 0.506250 0.160417 0.506250 0.154167
0 0.483333 0.068750 0.483333 0.075000 0.485417 0.077083 0.485417 0.083333 0.487500 0.085417 0.487500 0.100000 0.489583 0.102083 0.489583 0.114583 0.491667 0.116667 0.491667 0.122917 0.493750 0.125000 0.493750 0.127083 0.497917 0.131250 0.497917 0.139583 0.500000 0.141667 0.500000 0.143750 0.502083 0.145833 0.502083 0.147917 0.502083 0.145833 0.500000 0.143750 0.500000 0.141667 0.497917 0.139583 0.497917 0.131250 0.493750 0.127083 0.493750 0.125000 0.491667 0.122917 0.491667 0.116667 0.489583 0.114583 0.489583 0.102083 0.487500 0.100000 0.487500 0.085417 0.485417 0.083333 0.485417 0.077083 0.483333 0.075000
0 0.468750 0.006250 0.468750 0.029167 0.470833 0.031250 0.470833 0.035417 0.472917 0.037500 0.472917 0.043750 0.475000 0.045833 0.475000 0.047917 0.477083 0.050000 0.477083 0.056250 0.479167 0.058333 0.479167 0.060417 0.481250 0.062500 0.479167 0.060417 0.479167 0.058333 0.477083 0.056250 0.477083 0.050000 0.475000 0.047917 0.475000 0.045833 0.472917 0.043750 0.472917 0.037500 0.470833 0.035417 0.470833 0.031250 0.468750 0.029167