0 0.964583 0.958333 0.968750 0.962500 0.968750 0.968750 0.972917 0.972917 0.972917 0.977083 0.975000 0.979167 0.975000 0.981250 0.977083 0.983333 0.975000 0.985417 0.975000 0.987500 0.981250 0.993750 0.975000 0.987500 0.975000 0.985417 0.977083 0.983333 0.975000 0.981250 0.975000 0.979167 0.972917 0.977083 0.972917 0.972917 0.968750 0.968750 0.968750 0.962500
0 0.929167 0.912500 0.933333 0.916667 0.933333 0.918750 0.937500 0.922917 0.937500 0.931250 0.939583 0.933333 0.939583 0.935417 0.941667 0.937500 0.943750 0.937500 0.960417 0.954167 0.943750 0.937500 0.941667 0.937500 0.939583 0.935417 0.939583 0.933333 0.937500 0.931250 0.937500 0.922917 0.933333 0.918750 0.933333 0.916667
0 0.825000 0.812500 0.820833 0.816667 0.818750 0.814583 0.816667 0.816667 0.808333 0.816667 0.804167 0.820833 0.802083 0.820833 0.804167 0.820833 0.808333 0.816667 0.816667 0.816667 0.818750 0.814583 0.820833 0.816667 0.825000 0.812500 0.829167 0.812500 0.843750 0.827083 0.843750 0.829167 0.858333 0.843750 0.860417 0.843750 0.875000 0.858333 0.875000 0.860417 0.889583 0.875000 0.891667 0.875000 0.906250 0.889583 0.906250 0.891667 0.920833 0.906250 0.922917 0.906250 0.925000 0.908333 0.922917 0.906250 0.920833 0.906250 0.906250 0.891667 0.906250 0.889583 0.891667 0.875000 0.889583 0.875000 0.875000 0.860417 0.875000 0.858333 0.860417 0.843750 0.858333 0.843750 0.843750 0.829167 0.843750 0.827083 0.829167 0.812500
0 0.781250 0.806250 0.787500 0.812500 0.789583 0.812500 0.791667 0.814583 0.789583 0.812500 0.787500 0.812500
0 0.764583 0.789583 0.770833 0.795833 0.772917 0.795833 0.779167 0.802083 0.772917 0.795833 0.770833 0.795833
0 0.735417 0.747917 0.737500 0.750000 0.739583 0.750000 0.743750 0.754167 0.743750 0.760417 0.750000 0.766667 0.750000 0.768750 0.754167 0.772917 0.754167 0.777083 0.752083 0.779167 0.754167 0.781250 0.756250 0.781250 0.760417 0.785417 0.756250 0.781250 0.754167 0.781250 0.752083 0.779167 0.754167 0.777083 0.754167 0.772917 0.750000 0.768750 0.750000 0.766667 0.743750 0.760417 0.743750 0.754167 0.739583 0.750000 0.737500 0.750000
0 0.641667 0.602083 0.643750 0.604167 0.643750 0.606250 0.656250 0.618750 0.656250 0.620833 0.662500 0.627083 0.662500 0.629167 0.675000 0.641667 0.675000 0.647917 0.679167 0.652083 0.679167 0.656250 0.681250 0.658333 0.681250 0.660417 0.683333 0.662500 0.683333 0.668750 0.687500 0.672917 0.687500 0.677083 0.697917 0.687500 0.700000 0.687500 0.710417 0.697917 0.710417 0.700000 0.716667 0.706250 0.716667 0.712500 0.718750 0.714583 0.718750 0.718750 0.720833 0.720833 0.720833 0.722917 0.725000 0.727083 0.725000 0.731250 0.733333 0.739583 0.733333 0.743750 0.733333 0.739583 0.725000 0.731250 0.725000 0.727083 0.720833 0.722917 0.720833 0.718750 0.718750 0.716667 0.718750 0.714583 0.716667 0.712500 0.716667 0.706250 0.710417 0.700000 0.710417 0.697917 0.700000 0.687500 0.697917 0.687500 0.687500 0.677083 0.687500 0.672917 0.683333 0.668750 0.683333 0.662500 0.681250 0.660417 0.681250 0.656250 0.679167 0.654167 0.679167 0.652083 0.675000 0.647917 0.675000 0.641667 0.662500 0.629167 0.662500 0.625000 0.660417 0.625000 0.656250 0.620833 0.656250 0.618750 0.643750 0.606250 0.643750 0.604167
0 0.608333 0.495833 0.608333 0.504167 0.610417 0.506250 0.610417 0.512500 0.608333 0.514583 0.608333 0.537500 0.620833 0.550000 0.620833 0.552083 0.622917 0.554167 0.622917 0.562500 0.625000 0.564583 0.625000 0.568750 0.627083 0.570833 0.627083 0.575000 0.629167 0.577083 0.629167 0.583333 0.631250 0.585417 0.631250 0.587500 0.639583 0.595833 0.639583 0.597917 0.639583 0.595833 0.631250 0.587500 0.631250 0.585417 0.629167 0.583333 0.629167 0.577083 0.627083 0.575000 0.627083 0.570833 0.625000 0.568750 0.625000 0.562500 0.622917 0.560417 0.622917 0.554167 0.620833 0.552083 0.620833 0.550000 0.608333 0.537500 0.608333 0.514583 0.610417 0.512500 0.610417 0.506250 0.608333 0.504167
0 0.600000 0.435417 0.600000 0.437500 0.604167 0.441667 0.604167 0.443750 0.606250 0.445833 0.606250 0.447917 0.608333 0.450000 0.608333 0.458333 0.610417 0.460417 0.610417 0.466667 0.608333 0.468750 0.610417 0.470833 0.610417 0.472917 0.608333 0.475000 0.608333 0.479167 0.610417 0.481250 0.610417 0.483333 0.612500 0.485417 0.612500 0.487500 0.610417 0.489583 0.610417 0.491667 0.610417 0.489583 0.612500 0.487500 0.612500 0.485417 0.610417 0.483333 0.610417 0.481250 0.608333 0.479167 0.608333 0.475000 0.610417 0.472917 0.610417 0.460417 0.608333 0.458333 0.608333 0.450000 0.606250 0.447917 0.606250 0.445833 0.604167 0.443750 0.604167 0.441667 0.602083 0.439583 0.602083 0.437500
0 0.591667 0.418750 0.593750 0.420833 0.593750 0.427083 0.597917 0.431250 0.593750 0.427083 0.593750 0.420833
0 0.483333 0.227083 0.483333 0.229167 0.489583 0.235417 0.489583 0.239583 0.491667 0.241667 0.491667 0.247917 0.493750 0.250000 0.495833 0.250000 0.500000 0.254167 0.500000 0.256250 0.506250 0.262500 0.506250 0.264583 0.508333 0.266667 0.508333 0.275000 0.522917 0.289583 0.522917 0.295833 0.520833 0.297917 0.520833 0.300000 0.518750 0.302083 0.518750 0.312500 0.520833 0.314583 0.520833 0.316667 0.522917 0.318750 0.522917 0.322917 0.529167 0.329167 0.529167 0.331250 0.531250 0.333333 0.531250 0.335417 0.533333 0.337500 0.533333 0.343750 0.560417 0.370833 0.560417 0.372917 0.570833 0.383333 0.570833 0.385417 0.583333 0.397917 0.583333 0.404167 0.581250 0.406250 0.583333 0.406250 0.585417 0.408333 0.585417 0.410417 0.587500 0.412500 0.587500 0.414583 0.587500 0.412500 0.585417 0.410417 0.585417 0.408333 0.583333 0.406250 0.583333 0.397917 0.570833 0.385417 0.570833 0.383333 0.560417 0.372917 0.560417 0.370833 0.533333 0.343750 0.533333 0.337500 0.531250 0.335417 0.531250 0.333333 0.529167 0.331250 0.529167 0.329167 0.522917 0.322917 0.522917 0.318750 0.520833 0.316667 0.520833 0.314583 0.518750 0.312500 0.518750 0.302083 0.520833 0.300000 0.520833 0.297917 0.522917 0.295833 0.522917 0.289583 0.508333 0.275000 0.508333 0.266667 0.506250 0.264583 0.506250 0.262500 0.500000 0.256250 0.500000 0.254167 0.495833 0.250000 0.493750 0.250000 0.491667 0.247917 0.491667 0.241667 0.489583 0.239583 0.489583 0.235417 0.483333 0.229167
0 0.377083 0.000000 0.379167 0.002083 0.379167 0.012500 0.381250 0.014583 0.381250 0.016667 0.383333 0.018750 0.383333 0.022917 0.387500 0.027083 0.387500 0.031250 0.389583 0.031250 0.397917 0.039583 0.397917 0.043750 0.406250 0.052083 0.406250 0.056250 0.408333 0.058333 0.408333 0.072917 0.412500 0.077083 0.412500 0.087500 0.414583 0.089583 0.414583 0.093750 0.420833 0.100000 0.420833 0.104167 0.427083 0.110417 0.427083 0.116667 0.450000 0.139583 0.450000 0.150000 0.456250 0.156250 0.458333 0.156250 0.466667 0.164583 0.466667 0.172917 0.468750 0.175000 0.468750 0.177083 0.477083 0.185417 0.475000 0.187500 0.475000 0.191667 0.477083 0.193750 0.477083 0.195833 0.479167 0.197917 0.479167 0.200000 0.481250 0.202083 0.481250 0.204167 0.479167 0.206250 0.479167 0.208333 0.477083 0.210417 0.481250 0.214583 0.481250 0.218750 0.483333 0.220833 0.483333 0.222917 0.483333 0.218750 0.481250 0.216667 0.481250 0.214583 0.477083 0.210417 0.479167 0.208333 0.479167 0.206250 0.481250 0.204167 0.481250 0.202083 0.479167 0.200000 0.479167 0.197917 0.477083 0.195833 0.477083 0.193750 0.475000 0.191667 0.475000 0.187500 0.477083 0.185417 0.468750 0.177083 0.468750 0.175000 0.466667 0.172917 0.466667 0.164583 0.458333 0.156250 0.456250 0.156250 0.450000 0.150000 0.450000 0.139583 0.437500 0.127083 0.437500 0.125000 0.435417 0.125000 0.427083 0.116667 0.427083 0.110417 0.420833 0.104167 0.420833 0.100000 0.416667 0.095833 0.416667 0.093750 0.414583 0.091667 0.414583 0.089583 0.412500 0.087500 0.412500 0.077083 0.408333 0.072917 0.408333 0.058333 0.406250 0.056250 0.406250 0.052083 0.397917 0.043750 0.397917 0.039583 0.387500 0.029167 0.387500 0.027083 0.383333 0.022917 0.383333 0.018750 0.381250 0.016667 0.381250 0.014583 0.379167 0.012500 0.379167 0.000000