0 0.402083 0.885417 0.402083 0.887500 0.400000 0.889583 0.400000 0.893750 0.397917 0.895833 0.397917 0.900000 0.395833 0.902083 0.395833 0.906250 0.393750 0.908333 0.393750 0.929167 0.395833 0.931250 0.395833 0.933333 0.402083 0.939583 0.402083 0.956250 0.400000 0.958333 0.400000 0.979167 0.402083 0.981250 0.400000 0.979167 0.400000 0.958333 0.402083 0.956250 0.402083 0.939583 0.395833 0.933333 0.395833 0.931250 0.393750 0.929167 0.393750 0.908333 0.395833 0.906250 0.395833 0.902083 0.397917 0.900000 0.397917 0.895833 0.400000 0.893750 0.400000 0.889583 0.402083 0.887500
0 0.412500 0.804167 0.412500 0.806250 0.408333 0.810417 0.408333 0.814583 0.406250 0.816667 0.406250 0.831250 0.404167 0.833333 0.404167 0.835417 0.402083 0.837500 0.402083 0.864583 0.404167 0.866667 0.404167 0.872917 0.402083 0.875000 0.402083 0.881250 0.402083 0.877083 0.404167 0.875000 0.404167 0.866667 0.402083 0.864583 0.402083 0.837500 0.404167 0.835417 0.404167 0.833333 0.406250 0.831250 0.406250 0.816667 0.408333 0.814583 0.408333 0.810417 0.412500 0.806250
0 0.493750 0.566667 0.493750 0.572917 0.491667 0.575000 0.491667 0.602083 0.489583 0.604167 0.489583 0.631250 0.487500 0.633333 0.487500 0.643750 0.489583 0.645833 0.489583 0.654167 0.483333 0.660417 0.483333 0.662500 0.468750 0.677083 0.468750 0.679167 0.456250 0.691667 0.456250 0.693750 0.454167 0.695833 0.454167 0.697917 0.452083 0.700000 0.452083 0.702083 0.450000 0.704167 0.450000 0.706250 0.441667 0.714583 0.441667 0.716667 0.437500 0.720833 0.437500 0.729167 0.435417 0.731250 0.435417 0.739583 0.431250 0.743750 0.431250 0.747917 0.429167 0.750000 0.429167 0.754167 0.431250 0.756250 0.431250 0.766667 0.427083 0.770833 0.427083 0.775000 0.425000 0.777083 0.425000 0.779167 0.420833 0.783333 0.420833 0.787500 0.418750 0.789583 0.418750 0.793750 0.414583 0.797917 0.414583 0.800000 0.414583 0.797917 0.418750 0.793750 0.418750 0.789583 0.420833 0.787500 0.420833 0.783333 0.422917 0.781250 0.425000 0.781250 0.425000 0.777083 0.427083 0.775000 0.427083 0.770833 0.431250 0.766667 0.431250 0.756250 0.429167 0.754167 0.429167 0.750000 0.431250 0.747917 0.431250 0.743750 0.435417 0.739583 0.435417 0.731250 0.437500 0.729167 0.437500 0.720833 0.441667 0.716667 0.441667 0.714583 0.450000 0.706250 0.450000 0.704167 0.452083 0.702083 0.452083 0.700000 0.454167 0.697917 0.454167 0.695833 0.456250 0.693750 0.456250 0.691667 0.468750 0.679167 0.468750 0.677083 0.483333 0.662500 0.483333 0.660417 0.487500 0.656250 0.489583 0.656250 0.489583 0.645833 0.500000 0.635417 0.500000 0.633333 0.502083 0.631250 0.502083 0.622917 0.506250 0.618750 0.502083 0.622917 0.502083 0.631250 0.500000 0.633333 0.500000 0.635417 0.489583 0.645833 0.487500 0.643750 0.487500 0.633333 0.489583 0.631250 0.489583 0.604167 0.491667 0.602083 0.491667 0.575000 0.493750 0.572917
0 0.500000 0.481250 0.500000 0.483333 0.497917 0.485417 0.497917 0.491667 0.495833 0.493750 0.495833 0.495833 0.491667 0.500000 0.491667 0.512500 0.493750 0.514583 0.493750 0.529167 0.495833 0.531250 0.495833 0.556250 0.493750 0.558333 0.493750 0.562500 0.493750 0.558333 0.495833 0.556250 0.495833 0.531250 0.493750 0.529167 0.493750 0.514583 0.491667 0.512500 0.491667 0.502083 0.493750 0.500000 0.493750 0.497917 0.495833 0.495833 0.495833 0.493750 0.497917 0.491667 0.497917 0.485417 0.500000 0.483333
0 0.562500 0.466667 0.562500 0.483333 0.560417 0.485417 0.560417 0.491667 0.558333 0.493750 0.558333 0.508333 0.556250 0.510417 0.556250 0.514583 0.550000 0.520833 0.550000 0.527083 0.545833 0.531250 0.545833 0.535417 0.543750 0.537500 0.543750 0.539583 0.539583 0.543750 0.539583 0.556250 0.537500 0.558333 0.537500 0.560417 0.535417 0.562500 0.535417 0.564583 0.531250 0.568750 0.531250 0.570833 0.527083 0.575000 0.527083 0.581250 0.525000 0.583333 0.525000 0.591667 0.522917 0.593750 0.522917 0.595833 0.510417 0.608333 0.510417 0.610417 0.508333 0.612500 0.508333 0.614583 0.508333 0.612500 0.510417 0.610417 0.510417 0.608333 0.522917 0.595833 0.522917 0.593750 0.525000 0.591667 0.525000 0.583333 0.527083 0.581250 0.527083 0.575000 0.531250 0.570833 0.531250 0.568750 0.537500 0.562500 0.537500 0.558333 0.539583 0.556250 0.539583 0.543750 0.543750 0.539583 0.543750 0.537500 0.545833 0.535417 0.545833 0.533333 0.547917 0.531250 0.547917 0.529167 0.550000 0.527083 0.550000 0.520833 0.556250 0.514583 0.556250 0.510417 0.558333 0.508333 0.558333 0.493750 0.560417 0.491667 0.560417 0.485417 0.562500 0.483333
0 0.508333 0.437500 0.508333 0.439583 0.506250 0.441667 0.506250 0.443750 0.504167 0.445833 0.504167 0.447917 0.500000 0.452083 0.500000 0.454167 0.497917 0.456250 0.497917 0.458333 0.495833 0.460417 0.495833 0.475000 0.497917 0.477083 0.495833 0.475000 0.495833 0.460417 0.497917 0.458333 0.497917 0.456250 0.500000 0.454167 0.500000 0.452083 0.504167 0.447917 0.504167 0.445833 0.506250 0.443750 0.506250 0.441667 0.508333 0.439583
0 0.656250 0.227083 0.656250 0.235417 0.654167 0.237500 0.654167 0.241667 0.650000 0.245833 0.650000 0.247917 0.647917 0.250000 0.645833 0.250000 0.645833 0.252083 0.643750 0.254167 0.643750 0.262500 0.641667 0.264583 0.641667 0.266667 0.639583 0.268750 0.639583 0.272917 0.637500 0.275000 0.637500 0.279167 0.635417 0.281250 0.635417 0.285417 0.633333 0.287500 0.633333 0.302083 0.633333 0.287500 0.635417 0.285417 0.635417 0.281250 0.637500 0.279167 0.637500 0.275000 0.639583 0.272917 0.639583 0.268750 0.641667 0.266667 0.641667 0.264583 0.643750 0.262500 0.643750 0.254167 0.650000 0.247917 0.650000 0.245833 0.654167 0.241667 0.654167 0.237500 0.656250 0.235417
0 0.435417 0.133333 0.437500 0.135417 0.437500 0.137500 0.439583 0.139583 0.441667 0.139583 0.445833 0.143750 0.441667 0.139583 0.439583 0.139583 0.437500 0.137500 0.437500 0.135417
0 0.339583 0.081250 0.343750 0.085417 0.343750 0.087500 0.350000 0.093750 0.352083 0.093750 0.358333 0.100000 0.360417 0.100000 0.362500 0.102083 0.366667 0.102083 0.370833 0.106250 0.372917 0.106250 0.375000 0.108333 0.379167 0.108333 0.383333 0.112500 0.404167 0.112500 0.414583 0.122917 0.418750 0.122917 0.420833 0.125000 0.422917 0.125000 0.427083 0.129167 0.431250 0.129167 0.427083 0.129167 0.422917 0.125000 0.420833 0.125000 0.418750 0.122917 0.414583 0.122917 0.404167 0.112500 0.383333 0.112500 0.379167 0.108333 0.375000 0.108333 0.372917 0.106250 0.370833 0.106250 0.366667 0.102083 0.362500 0.102083 0.360417 0.100000 0.358333 0.100000 0.352083 0.093750 0.350000 0.093750 0.343750 0.087500 0.343750 0.085417
0 0.672917 0.060417 0.670833 0.062500 0.668750 0.062500 0.658333 0.072917 0.658333 0.075000 0.656250 0.077083 0.656250 0.079167 0.654167 0.081250 0.654167 0.085417 0.645833 0.093750 0.643750 0.093750 0.625000 0.112500 0.625000 0.114583 0.622917 0.116667 0.622917 0.118750 0.618750 0.122917 0.618750 0.125000 0.606250 0.137500 0.606250 0.139583 0.593750 0.152083 0.593750 0.154167 0.591667 0.156250 0.589583 0.156250 0.583333 0.162500 0.583333 0.168750 0.581250 0.170833 0.581250 0.179167 0.579167 0.181250 0.579167 0.185417 0.572917 0.191667 0.572917 0.193750 0.570833 0.195833 0.568750 0.193750 0.562500 0.200000 0.554167 0.200000 0.543750 0.189583 0.539583 0.189583 0.537500 0.187500 0.516667 0.187500 0.500000 0.170833 0.500000 0.168750 0.495833 0.164583 0.485417 0.164583 0.481250 0.160417 0.479167 0.160417 0.475000 0.156250 0.472917 0.156250 0.468750 0.152083 0.468750 0.150000 0.452083 0.150000 0.450000 0.147917 0.452083 0.150000 0.466667 0.150000 0.472917 0.156250 0.475000 0.156250 0.479167 0.160417 0.481250 0.160417 0.485417 0.164583 0.495833 0.164583 0.500000 0.168750 0.500000 0.170833 0.516667 0.187500 0.537500 0.187500 0.539583 0.189583 0.543750 0.189583 0.554167 0.200000 0.562500 0.200000 0.568750 0.193750 0.572917 0.197917 0.572917 0.206250 0.575000 0.208333 0.575000 0.214583 0.577083 0.216667 0.577083 0.222917 0.579167 0.225000 0.579167 0.247917 0.577083 0.250000 0.577083 0.254167 0.579167 0.256250 0.579167 0.264583 0.581250 0.266667 0.581250 0.270833 0.583333 0.272917 0.583333 0.277083 0.585417 0.279167 0.585417 0.281250 0.587500 0.283333 0.587500 0.289583 0.589583 0.291667 0.589583 0.297917 0.587500 0.300000 0.587500 0.306250 0.585417 0.308333 0.585417 0.312500 0.581250 0.316667 0.581250 0.331250 0.579167 0.333333 0.579167 0.337500 0.572917 0.343750 0.572917 0.345833 0.566667 0.352083 0.566667 0.356250 0.564583 0.358333 0.564583 0.364583 0.562500 0.366667 0.562500 0.404167 0.560417 0.406250 0.560417 0.427083 0.562500 0.429167 0.562500 0.462500 0.562500 0.429167 0.560417 0.427083 0.560417 0.406250 0.562500 0.404167 0.562500 0.366667 0.564583 0.364583 0.564583 0.358333 0.566667 0.356250 0.566667 0.352083 0.572917 0.345833 0.572917 0.343750 0.579167 0.337500 0.579167 0.333333 0.581250 0.331250 0.581250 0.316667 0.585417 0.312500 0.585417 0.308333 0.587500 0.306250 0.587500 0.300000 0.589583 0.297917 0.589583 0.291667 0.587500 0.289583 0.587500 0.283333 0.585417 0.281250 0.585417 0.279167 0.583333 0.277083 0.583333 0.272917 0.581250 0.270833 0.581250 0.266667 0.579167 0.264583 0.579167 0.256250 0.577083 0.254167 0.577083 0.250000 0.579167 0.247917 0.579167 0.225000 0.577083 0.222917 0.577083 0.216667 0.575000 0.214583 0.575000 0.208333 0.572917 0.206250 0.572917 0.191667 0.579167 0.185417 0.579167 0.181250 0.581250 0.179167 0.581250 0.170833 0.583333 0.168750 0.583333 0.162500 0.589583 0.156250 0.591667 0.156250 0.593750 0.154167 0.593750 0.152083 0.606250 0.139583 0.606250 0.137500 0.618750 0.125000 0.618750 0.122917 0.622917 0.118750 0.622917 0.116667 0.625000 0.114583 0.625000 0.112500 0.643750 0.093750 0.645833 0.093750 0.654167 0.085417 0.654167 0.081250 0.656250 0.079167 0.656250 0.077083 0.658333 0.075000 0.658333 0.072917 0.668750 0.062500 0.670833 0.062500
0 0.304167 0.060417 0.306250 0.060417 0.308333 0.062500 0.310417 0.062500 0.318750 0.070833 0.325000 0.070833 0.329167 0.075000 0.331250 0.075000 0.333333 0.077083 0.335417 0.077083 0.333333 0.077083 0.331250 0.075000 0.329167 0.075000 0.325000 0.070833 0.318750 0.070833 0.310417 0.062500 0.308333 0.062500 0.306250 0.060417
0 0.687500 0.052083 0.689583 0.054167 0.687500 0.056250 0.687500 0.062500 0.685417 0.064583 0.685417 0.075000 0.683333 0.077083 0.683333 0.085417 0.681250 0.087500 0.681250 0.095833 0.679167 0.097917 0.679167 0.106250 0.677083 0.108333 0.677083 0.114583 0.675000 0.116667 0.675000 0.122917 0.672917 0.125000 0.672917 0.164583 0.675000 0.166667 0.675000 0.175000 0.677083 0.177083 0.677083 0.193750 0.675000 0.195833 0.675000 0.200000 0.670833 0.204167 0.670833 0.206250 0.668750 0.208333 0.668750 0.210417 0.658333 0.220833 0.658333 0.222917 0.658333 0.220833 0.668750 0.210417 0.668750 0.208333 0.670833 0.206250 0.670833 0.204167 0.675000 0.200000 0.675000 0.195833 0.677083 0.193750 0.677083 0.177083 0.675000 0.175000 0.675000 0.166667 0.672917 0.164583 0.672917 0.125000 0.675000 0.122917 0.675000 0.116667 0.677083 0.114583 0.677083 0.108333 0.679167 0.106250 0.679167 0.097917 0.681250 0.095833 0.681250 0.087500 0.683333 0.085417 0.683333 0.077083 0.685417 0.075000 0.685417 0.064583 0.687500 0.062500 0.687500 0.056250 0.689583 0.054167