0 0.827083 0.950000 0.829167 0.952083 0.829167 0.954167 0.831250 0.954167 0.843750 0.966667 0.843750 0.968750 0.845833 0.968750 0.870833 0.993750
0 0.812500 0.933333 0.812500 0.935417 0.814583 0.937500 0.816667 0.937500 0.825000 0.945833 0.816667 0.937500 0.814583 0.937500 0.812500 0.935417
0 0.795833 0.904167 0.806250 0.914583 0.806250 0.918750 0.808333 0.920833 0.808333 0.925000 0.812500 0.929167 0.808333 0.925000 0.808333 0.920833 0.806250 0.918750 0.806250 0.914583 0.800000 0.908333 0.800000 0.906250 0.797917 0.906250
0 0.695833 0.783333 0.700000 0.787500 0.700000 0.789583 0.716667 0.806250 0.716667 0.810417 0.731250 0.825000 0.731250 0.827083 0.733333 0.829167 0.733333 0.831250 0.745833 0.843750 0.747917 0.843750 0.750000 0.845833 0.750000 0.847917 0.775000 0.872917 0.775000 0.875000 0.777083 0.875000 0.781250 0.879167 0.781250 0.885417 0.789583 0.893750 0.789583 0.895833 0.793750 0.900000 0.789583 0.895833 0.789583 0.893750 0.781250 0.885417 0.781250 0.879167 0.750000 0.847917 0.750000 0.845833 0.747917 0.843750 0.745833 0.843750 0.733333 0.831250 0.733333 0.829167 0.731250 0.827083 0.731250 0.825000 0.716667 0.810417 0.716667 0.806250 0.700000 0.789583 0.700000 0.787500
0 0.510417 0.604167 0.533333 0.627083 0.541667 0.627083 0.543750 0.629167 0.545833 0.629167 0.550000 0.633333 0.554167 0.633333 0.558333 0.637500 0.560417 0.637500 0.579167 0.656250 0.581250 0.656250 0.593750 0.668750 0.593750 0.670833 0.602083 0.679167 0.602083 0.687500 0.608333 0.693750 0.608333 0.695833 0.616667 0.704167 0.616667 0.706250 0.625000 0.714583 0.625000 0.716667 0.627083 0.718750 0.629167 0.718750 0.656250 0.745833 0.656250 0.747917 0.658333 0.750000 0.660417 0.750000 0.681250 0.770833 0.683333 0.770833 0.687500 0.775000 0.687500 0.777083 0.691667 0.781250 0.687500 0.777083 0.687500 0.775000 0.683333 0.770833 0.681250 0.770833 0.660417 0.750000 0.658333 0.750000 0.656250 0.747917 0.656250 0.745833 0.629167 0.718750 0.627083 0.718750 0.625000 0.716667 0.625000 0.714583 0.616667 0.706250 0.616667 0.704167 0.608333 0.695833 0.608333 0.693750 0.602083 0.687500 0.602083 0.679167 0.597917 0.675000 0.600000 0.672917 0.595833 0.672917 0.593750 0.670833 0.593750 0.668750 0.581250 0.656250 0.579167 0.656250 0.560417 0.637500 0.558333 0.637500 0.554167 0.633333 0.550000 0.633333 0.545833 0.629167 0.543750 0.629167 0.541667 0.627083 0.533333 0.627083
0 0.445833 0.556250 0.445833 0.558333 0.450000 0.562500 0.452083 0.562500 0.468750 0.579167 0.468750 0.581250 0.481250 0.593750 0.483333 0.593750 0.485417 0.595833 0.485417 0.597917 0.489583 0.597917 0.493750 0.602083 0.495833 0.600000 0.497917 0.602083 0.506250 0.602083 0.497917 0.602083 0.495833 0.600000 0.493750 0.602083 0.487500 0.595833 0.485417 0.595833 0.483333 0.593750 0.481250 0.593750 0.468750 0.581250 0.468750 0.579167 0.452083 0.562500 0.450000 0.562500 0.445833 0.558333
0 0.431250 0.535417 0.437500 0.541667 0.437500 0.543750 0.443750 0.550000 0.443750 0.552083 0.443750 0.550000 0.437500 0.543750 0.437500 0.541667
0 0.412500 0.518750 0.425000 0.531250 0.427083 0.531250 0.425000 0.531250
0 0.362500 0.450000 0.375000 0.462500 0.375000 0.464583 0.379167 0.468750 0.381250 0.468750 0.389583 0.477083 0.389583 0.485417 0.406250 0.502083 0.406250 0.506250 0.408333 0.508333 0.408333 0.510417 0.410417 0.512500 0.410417 0.514583 0.410417 0.512500 0.408333 0.510417 0.408333 0.508333 0.406250 0.506250 0.406250 0.502083 0.389583 0.485417 0.389583 0.477083 0.381250 0.468750 0.379167 0.468750 0.375000 0.464583 0.375000 0.462500
0 0.331250 0.418750 0.343750 0.431250 0.343750 0.433333 0.347917 0.437500 0.350000 0.437500 0.358333 0.445833 0.350000 0.437500 0.347917 0.437500 0.343750 0.433333 0.343750 0.431250
0 0.095833 0.168750 0.100000 0.172917 0.100000 0.175000 0.102083 0.177083 0.102083 0.179167 0.106250 0.183333 0.106250 0.185417 0.122917 0.202083 0.122917 0.204167 0.125000 0.206250 0.125000 0.208333 0.135417 0.218750 0.137500 0.218750 0.150000 0.231250 0.154167 0.231250 0.172917 0.250000 0.175000 0.250000 0.187500 0.262500 0.187500 0.264583 0.204167 0.281250 0.206250 0.281250 0.218750 0.293750 0.218750 0.295833 0.235417 0.312500 0.237500 0.312500 0.250000 0.325000 0.250000 0.327083 0.252083 0.329167 0.252083 0.331250 0.254167 0.333333 0.254167 0.335417 0.258333 0.339583 0.258333 0.343750 0.281250 0.366667 0.281250 0.368750 0.287500 0.375000 0.289583 0.375000 0.312500 0.397917 0.312500 0.400000 0.318750 0.406250 0.320833 0.406250 0.325000 0.410417 0.325000 0.412500 0.327083 0.414583 0.325000 0.412500 0.325000 0.410417 0.320833 0.406250 0.318750 0.406250 0.312500 0.400000 0.312500 0.397917 0.289583 0.375000 0.287500 0.375000 0.281250 0.368750 0.281250 0.366667 0.258333 0.343750 0.258333 0.339583 0.254167 0.335417 0.254167 0.333333 0.252083 0.331250 0.252083 0.329167 0.250000 0.327083 0.250000 0.325000 0.237500 0.312500 0.235417 0.312500 0.218750 0.295833 0.218750 0.293750 0.206250 0.281250 0.204167 0.281250 0.187500 0.264583 0.187500 0.262500 0.175000 0.250000 0.172917 0.250000 0.156250 0.233333 0.156250 0.231250 0.150000 0.231250 0.137500 0.218750 0.135417 0.218750 0.125000 0.208333 0.125000 0.206250 0.122917 0.204167 0.122917 0.202083 0.106250 0.185417 0.106250 0.183333 0.102083 0.179167 0.102083 0.177083 0.100000 0.175000 0.100000 0.172917
0 0.087500 0.152083 0.087500 0.154167 0.091667 0.158333 0.091667 0.160417 0.093750 0.162500 0.093750 0.164583 0.093750 0.162500 0.091667 0.160417 0.091667 0.158333 0.087500 0.154167
0 0.014583 0.041667 0.014583 0.043750 0.018750 0.047917 0.018750 0.050000 0.027083 0.058333 0.027083 0.060417 0.031250 0.064583 0.031250 0.066667 0.033333 0.068750 0.033333 0.070833 0.056250 0.093750 0.058333 0.093750 0.060417 0.095833 0.060417 0.097917 0.062500 0.100000 0.062500 0.106250 0.064583 0.108333 0.064583 0.110417 0.068750 0.114583 0.068750 0.116667 0.070833 0.118750 0.070833 0.125000 0.072917 0.127083 0.072917 0.131250 0.077083 0.135417 0.077083 0.137500 0.083333 0.143750 0.083333 0.145833 0.085417 0.147917 0.083333 0.145833 0.083333 0.143750 0.077083 0.137500 0.077083 0.135417 0.072917 0.131250 0.072917 0.127083 0.070833 0.125000 0.070833 0.118750 0.068750 0.116667 0.068750 0.114583 0.064583 0.110417 0.064583 0.108333 0.062500 0.106250 0.062500 0.100000 0.060417 0.097917 0.060417 0.095833 0.058333 0.093750 0.056250 0.093750 0.033333 0.070833 0.033333 0.068750 0.031250 0.066667 0.031250 0.062500 0.029167 0.062500 0.027083 0.060417 0.027083 0.058333 0.018750 0.050000 0.018750 0.047917 0.014583 0.043750
0 0.008333 0.033333 0.008333 0.035417 0.010417 0.037500 0.008333 0.035417
0 0.000000 0.022917 0.000000 0.027083 0.004167 0.031250 0.000000 0.027083