0 0.468750 0.200000 0.468750 0.202083 0.460417 0.210417 0.454167 0.210417 0.460417 0.210417 0.468750 0.202083 0.479167 0.212500 0.483333 0.212500 0.479167 0.212500 0.468750 0.202083
0 0.185417 0.200000 0.183333 0.202083 0.175000 0.202083 0.170833 0.206250 0.156250 0.206250 0.154167 0.204167 0.156250 0.206250 0.170833 0.206250 0.175000 0.202083 0.183333 0.202083 0.185417 0.200000 0.187500 0.202083 0.187500 0.204167 0.189583 0.202083 0.191667 0.204167 0.193750 0.204167 0.195833 0.202083 0.193750 0.204167 0.191667 0.204167 0.189583 0.202083 0.187500 0.202083
0 0.541667 0.191667 0.533333 0.200000 0.529167 0.200000 0.527083 0.202083 0.522917 0.202083 0.520833 0.200000 0.506250 0.200000 0.500000 0.206250 0.500000 0.208333 0.491667 0.216667 0.487500 0.216667 0.491667 0.216667 0.500000 0.208333 0.500000 0.206250 0.506250 0.200000 0.520833 0.200000 0.522917 0.202083 0.527083 0.202083 0.529167 0.200000 0.533333 0.200000 0.541667 0.191667 0.545833 0.191667
0 0.075000 0.191667 0.068750 0.197917 0.066667 0.195833 0.064583 0.195833 0.062500 0.193750 0.060417 0.195833 0.054167 0.195833 0.052083 0.197917 0.047917 0.197917 0.045833 0.195833 0.035417 0.206250 0.004167 0.206250 0.002083 0.204167 0.004167 0.206250 0.035417 0.206250 0.045833 0.195833 0.047917 0.197917 0.052083 0.197917 0.054167 0.195833 0.066667 0.195833 0.068750 0.197917 0.072917 0.193750 0.075000 0.195833 0.081250 0.195833 0.083333 0.197917 0.097917 0.197917 0.100000 0.195833 0.106250 0.195833 0.112500 0.202083 0.116667 0.202083 0.118750 0.200000 0.131250 0.200000 0.133333 0.202083 0.147917 0.202083 0.150000 0.204167 0.147917 0.202083 0.133333 0.202083 0.131250 0.200000 0.118750 0.200000 0.116667 0.202083 0.112500 0.202083 0.106250 0.195833 0.100000 0.195833 0.097917 0.197917 0.083333 0.197917 0.081250 0.195833 0.075000 0.195833 0.072917 0.193750
0 0.310417 0.189583 0.308333 0.191667 0.306250 0.191667 0.300000 0.197917 0.297917 0.197917 0.295833 0.200000 0.289583 0.200000 0.287500 0.202083 0.285417 0.202083 0.283333 0.200000 0.277083 0.200000 0.275000 0.202083 0.270833 0.202083 0.266667 0.206250 0.264583 0.206250 0.258333 0.200000 0.250000 0.208333 0.250000 0.210417 0.241667 0.218750 0.239583 0.216667 0.235417 0.216667 0.229167 0.210417 0.225000 0.210417 0.222917 0.208333 0.220833 0.208333 0.218750 0.206250 0.197917 0.206250 0.218750 0.206250 0.220833 0.208333 0.222917 0.208333 0.225000 0.210417 0.229167 0.210417 0.235417 0.216667 0.239583 0.216667 0.241667 0.218750 0.250000 0.210417 0.250000 0.208333 0.258333 0.200000 0.264583 0.206250 0.266667 0.206250 0.270833 0.202083 0.275000 0.202083 0.277083 0.200000 0.283333 0.200000 0.285417 0.202083 0.287500 0.202083 0.289583 0.200000 0.295833 0.200000 0.297917 0.197917 0.300000 0.197917 0.306250 0.191667 0.308333 0.191667 0.310417 0.189583 0.325000 0.189583 0.327083 0.191667 0.331250 0.191667 0.333333 0.193750 0.341667 0.193750 0.343750 0.195833 0.347917 0.195833 0.350000 0.193750 0.354167 0.193750 0.362500 0.202083 0.364583 0.202083 0.368750 0.206250 0.379167 0.206250 0.381250 0.208333 0.391667 0.208333 0.393750 0.206250 0.414583 0.206250 0.416667 0.208333 0.418750 0.208333 0.427083 0.200000 0.435417 0.200000 0.443750 0.208333 0.445833 0.208333 0.447917 0.210417 0.450000 0.210417 0.447917 0.210417 0.445833 0.208333 0.443750 0.208333 0.437500 0.202083 0.437500 0.200000 0.427083 0.200000 0.418750 0.208333 0.416667 0.208333 0.414583 0.206250 0.393750 0.206250 0.391667 0.208333 0.381250 0.208333 0.379167 0.206250 0.368750 0.206250 0.364583 0.202083 0.362500 0.202083 0.354167 0.193750 0.350000 0.193750 0.347917 0.195833 0.343750 0.195833 0.341667 0.193750 0.333333 0.193750 0.331250 0.191667 0.327083 0.191667 0.325000 0.189583
0 0.552083 0.187500 0.550000 0.189583 0.552083 0.187500 0.570833 0.187500
0 0.781250 0.145833 0.779167 0.147917 0.777083 0.147917 0.775000 0.150000 0.770833 0.150000 0.764583 0.156250 0.752083 0.156250 0.750000 0.158333 0.747917 0.156250 0.741667 0.156250 0.739583 0.158333 0.733333 0.158333 0.731250 0.156250 0.720833 0.156250 0.718750 0.154167 0.716667 0.156250 0.714583 0.156250 0.712500 0.154167 0.708333 0.154167 0.706250 0.156250 0.704167 0.156250 0.700000 0.152083 0.695833 0.156250 0.693750 0.156250 0.689583 0.160417 0.687500 0.158333 0.681250 0.158333 0.679167 0.156250 0.666667 0.156250 0.664583 0.158333 0.660417 0.158333 0.656250 0.162500 0.656250 0.164583 0.652083 0.168750 0.645833 0.168750 0.643750 0.170833 0.627083 0.170833 0.625000 0.168750 0.604167 0.168750 0.591667 0.181250 0.587500 0.181250 0.581250 0.187500 0.575000 0.187500 0.581250 0.187500 0.587500 0.181250 0.591667 0.181250 0.604167 0.168750 0.622917 0.168750 0.625000 0.170833 0.643750 0.170833 0.645833 0.168750 0.652083 0.168750 0.656250 0.164583 0.656250 0.162500 0.660417 0.158333 0.664583 0.158333 0.666667 0.156250 0.679167 0.156250 0.681250 0.158333 0.685417 0.158333 0.687500 0.160417 0.689583 0.160417 0.693750 0.156250 0.695833 0.156250 0.700000 0.152083 0.704167 0.156250 0.706250 0.156250 0.708333 0.154167 0.712500 0.154167 0.714583 0.156250 0.731250 0.156250 0.733333 0.158333 0.739583 0.158333 0.741667 0.156250 0.747917 0.156250 0.750000 0.158333 0.752083 0.156250 0.764583 0.156250 0.770833 0.150000 0.775000 0.150000 0.777083 0.147917 0.781250 0.147917 0.783333 0.145833 0.793750 0.145833 0.795833 0.147917 0.797917 0.147917 0.800000 0.150000 0.802083 0.150000 0.800000 0.150000 0.797917 0.147917 0.795833 0.147917 0.793750 0.145833
0 0.868750 0.125000 0.866667 0.127083 0.858333 0.127083 0.856250 0.129167 0.854167 0.127083 0.845833 0.127083 0.825000 0.147917 0.820833 0.147917 0.816667 0.152083 0.814583 0.152083 0.812500 0.150000 0.812500 0.147917 0.808333 0.143750 0.806250 0.145833 0.808333 0.143750 0.812500 0.147917 0.812500 0.150000 0.814583 0.152083 0.816667 0.152083 0.820833 0.147917 0.825000 0.147917 0.841667 0.131250 0.843750 0.131250 0.843750 0.129167 0.845833 0.127083 0.854167 0.127083 0.856250 0.129167 0.858333 0.127083 0.866667 0.127083
0 0.927083 0.085417 0.918750 0.093750 0.916667 0.091667 0.914583 0.093750 0.912500 0.093750 0.906250 0.100000 0.906250 0.102083 0.895833 0.112500 0.889583 0.112500 0.885417 0.116667 0.881250 0.116667 0.872917 0.125000 0.875000 0.125000 0.875000 0.122917 0.881250 0.116667 0.885417 0.116667 0.889583 0.112500 0.895833 0.112500 0.906250 0.102083 0.906250 0.100000 0.912500 0.093750 0.914583 0.093750 0.916667 0.091667 0.918750 0.093750
0 0.983333 0.052083 0.972917 0.062500 0.968750 0.062500 0.954167 0.077083 0.952083 0.077083 0.947917 0.081250 0.941667 0.081250 0.935417 0.087500 0.933333 0.087500 0.931250 0.085417 0.933333 0.087500 0.937500 0.087500 0.937500 0.085417 0.941667 0.081250 0.947917 0.081250 0.952083 0.077083 0.954167 0.077083 0.968750 0.062500 0.972917 0.062500
0 0.989583 0.045833 0.987500 0.047917 0.989583 0.045833 0.991667 0.047917 0.995833 0.047917 0.997917 0.045833 0.995833 0.047917 0.991667 0.047917