0 0.685417 0.677083 0.683333 0.679167 0.672917 0.679167 0.670833 0.681250 0.660417 0.681250 0.658333 0.683333 0.656250 0.683333 0.654167 0.685417 0.652083 0.685417 0.650000 0.687500 0.643750 0.687500 0.641667 0.685417 0.639583 0.685417 0.637500 0.687500 0.633333 0.687500 0.629167 0.691667 0.625000 0.691667 0.622917 0.693750 0.620833 0.693750 0.618750 0.695833 0.616667 0.695833 0.612500 0.700000 0.608333 0.700000 0.606250 0.702083 0.602083 0.702083 0.597917 0.706250 0.595833 0.706250 0.593750 0.708333 0.593750 0.710417 0.587500 0.716667 0.575000 0.716667 0.572917 0.718750 0.568750 0.718750 0.566667 0.720833 0.564583 0.720833 0.562500 0.722917 0.562500 0.725000 0.556250 0.731250 0.554167 0.731250 0.552083 0.733333 0.547917 0.733333 0.545833 0.731250 0.541667 0.735417 0.537500 0.735417 0.535417 0.737500 0.531250 0.737500 0.529167 0.739583 0.531250 0.739583 0.533333 0.737500 0.535417 0.737500 0.537500 0.735417 0.541667 0.735417 0.545833 0.731250 0.547917 0.733333 0.552083 0.733333 0.554167 0.731250 0.556250 0.731250 0.562500 0.725000 0.562500 0.722917 0.564583 0.720833 0.566667 0.720833 0.568750 0.718750 0.572917 0.718750 0.575000 0.716667 0.587500 0.716667 0.593750 0.710417 0.593750 0.708333 0.595833 0.706250 0.597917 0.706250 0.602083 0.702083 0.606250 0.702083 0.608333 0.700000 0.612500 0.700000 0.616667 0.695833 0.618750 0.695833 0.620833 0.693750 0.622917 0.693750 0.625000 0.691667 0.629167 0.691667 0.633333 0.687500 0.637500 0.687500 0.639583 0.685417 0.641667 0.685417 0.643750 0.687500 0.650000 0.687500 0.652083 0.685417 0.656250 0.685417 0.660417 0.681250 0.670833 0.681250 0.672917 0.679167 0.683333 0.679167 0.685417 0.677083 0.687500 0.677083
0 0.927083 0.654167 0.929167 0.654167 0.931250 0.656250 0.935417 0.656250 0.937500 0.658333 0.937500 0.660417 0.945833 0.668750 0.947917 0.668750 0.964583 0.685417 0.966667 0.685417 0.968750 0.687500 0.970833 0.687500 0.972917 0.689583 0.985417 0.689583 0.987500 0.691667 0.989583 0.691667 0.987500 0.691667 0.985417 0.689583 0.972917 0.689583 0.970833 0.687500 0.968750 0.687500 0.966667 0.685417 0.964583 0.685417 0.947917 0.668750 0.945833 0.668750 0.937500 0.660417 0.937500 0.658333 0.935417 0.656250 0.931250 0.656250 0.929167 0.654167
0 0.995833 0.604167 0.993750 0.606250 0.970833 0.606250 0.968750 0.608333 0.964583 0.608333 0.960417 0.612500 0.952083 0.612500 0.945833 0.618750 0.937500 0.618750 0.935417 0.620833 0.937500 0.618750 0.945833 0.618750 0.952083 0.612500 0.960417 0.612500 0.964583 0.608333 0.968750 0.608333 0.970833 0.606250 0.993750 0.606250
0 0.818750 0.579167 0.833333 0.593750 0.835417 0.593750 0.843750 0.602083 0.843750 0.604167 0.864583 0.625000 0.866667 0.625000 0.868750 0.627083 0.881250 0.627083 0.889583 0.635417 0.889583 0.637500 0.879167 0.647917 0.877083 0.647917 0.875000 0.650000 0.875000 0.652083 0.872917 0.654167 0.850000 0.654167 0.847917 0.656250 0.820833 0.656250 0.818750 0.658333 0.793750 0.658333 0.791667 0.656250 0.764583 0.656250 0.760417 0.660417 0.750000 0.660417 0.747917 0.662500 0.745833 0.662500 0.737500 0.670833 0.735417 0.668750 0.731250 0.668750 0.729167 0.666667 0.725000 0.666667 0.722917 0.668750 0.720833 0.668750 0.718750 0.670833 0.716667 0.670833 0.712500 0.675000 0.710417 0.675000 0.706250 0.679167 0.700000 0.679167 0.697917 0.677083 0.691667 0.677083 0.697917 0.677083 0.700000 0.679167 0.706250 0.679167 0.710417 0.675000 0.712500 0.675000 0.716667 0.670833 0.718750 0.670833 0.720833 0.668750 0.722917 0.668750 0.725000 0.666667 0.729167 0.666667 0.731250 0.668750 0.735417 0.668750 0.737500 0.670833 0.745833 0.662500 0.747917 0.662500 0.750000 0.660417 0.760417 0.660417 0.764583 0.656250 0.791667 0.656250 0.793750 0.658333 0.818750 0.658333 0.820833 0.656250 0.847917 0.656250 0.850000 0.654167 0.872917 0.654167 0.875000 0.652083 0.875000 0.650000 0.877083 0.647917 0.879167 0.647917 0.889583 0.637500 0.900000 0.637500 0.902083 0.639583 0.904167 0.639583 0.908333 0.643750 0.912500 0.643750 0.916667 0.647917 0.918750 0.647917 0.920833 0.650000 0.918750 0.647917 0.916667 0.647917 0.912500 0.643750 0.908333 0.643750 0.904167 0.639583 0.902083 0.639583 0.897917 0.635417 0.906250 0.627083 0.908333 0.627083 0.910417 0.625000 0.914583 0.625000 0.916667 0.622917 0.925000 0.622917 0.927083 0.620833 0.931250 0.620833 0.927083 0.620833 0.925000 0.622917 0.916667 0.622917 0.914583 0.625000 0.910417 0.625000 0.908333 0.627083 0.906250 0.627083 0.897917 0.635417 0.895833 0.633333 0.893750 0.635417 0.889583 0.635417 0.881250 0.627083 0.868750 0.627083 0.866667 0.625000 0.864583 0.625000 0.843750 0.604167 0.843750 0.602083 0.835417 0.593750 0.833333 0.593750
0 0.593750 0.504167 0.593750 0.506250 0.595833 0.508333 0.597917 0.508333 0.604167 0.514583 0.610417 0.514583 0.625000 0.529167 0.625000 0.531250 0.627083 0.531250 0.656250 0.560417 0.656250 0.562500 0.658333 0.562500 0.664583 0.568750 0.666667 0.568750 0.668750 0.570833 0.677083 0.570833 0.668750 0.570833 0.666667 0.568750 0.664583 0.568750 0.610417 0.514583 0.604167 0.514583 0.597917 0.508333 0.595833 0.508333 0.593750 0.506250
0 0.562500 0.495833 0.562500 0.497917 0.568750 0.497917 0.570833 0.500000 0.577083 0.500000 0.579167 0.502083 0.587500 0.502083 0.589583 0.504167 0.587500 0.502083 0.579167 0.502083 0.577083 0.500000 0.570833 0.500000 0.568750 0.497917 0.564583 0.497917
0 0.418750 0.383333 0.437500 0.402083 0.437500 0.404167 0.439583 0.406250 0.441667 0.406250 0.450000 0.414583 0.452083 0.412500 0.460417 0.420833 0.462500 0.420833 0.466667 0.425000 0.468750 0.425000 0.470833 0.427083 0.481250 0.427083 0.491667 0.437500 0.493750 0.437500 0.500000 0.443750 0.500000 0.445833 0.522917 0.468750 0.525000 0.468750 0.531250 0.475000 0.531250 0.477083 0.533333 0.479167 0.535417 0.479167 0.537500 0.481250 0.539583 0.481250 0.541667 0.483333 0.543750 0.483333 0.545833 0.481250 0.552083 0.487500 0.554167 0.487500 0.558333 0.491667 0.554167 0.487500 0.552083 0.487500 0.545833 0.481250 0.543750 0.483333 0.541667 0.483333 0.539583 0.481250 0.537500 0.481250 0.535417 0.479167 0.533333 0.479167 0.531250 0.477083 0.531250 0.475000 0.525000 0.468750 0.522917 0.468750 0.500000 0.445833 0.500000 0.443750 0.493750 0.437500 0.491667 0.437500 0.481250 0.427083 0.470833 0.427083 0.468750 0.425000 0.466667 0.425000 0.462500 0.420833 0.460417 0.420833 0.452083 0.412500 0.450000 0.414583 0.441667 0.406250 0.439583 0.406250 0.437500 0.404167 0.437500 0.402083
0 0.368750 0.293750 0.375000 0.300000 0.375000 0.302083 0.375000 0.300000
0 0.283333 0.247917 0.285417 0.250000 0.287500 0.250000 0.306250 0.268750 0.318750 0.268750 0.322917 0.272917 0.325000 0.272917 0.327083 0.270833 0.329167 0.270833 0.333333 0.275000 0.335417 0.275000 0.341667 0.281250 0.354167 0.281250 0.358333 0.285417 0.360417 0.285417 0.364583 0.289583 0.360417 0.285417 0.358333 0.285417 0.354167 0.281250 0.341667 0.281250 0.335417 0.275000 0.333333 0.275000 0.329167 0.270833 0.327083 0.270833 0.325000 0.272917 0.322917 0.272917 0.318750 0.268750 0.306250 0.268750 0.287500 0.250000 0.285417 0.250000
0 0.135417 0.097917 0.137500 0.100000 0.141667 0.100000 0.156250 0.114583 0.156250 0.116667 0.164583 0.125000 0.166667 0.125000 0.179167 0.137500 0.179167 0.139583 0.187500 0.147917 0.187500 0.150000 0.193750 0.156250 0.195833 0.156250 0.218750 0.179167 0.218750 0.181250 0.225000 0.187500 0.227083 0.187500 0.250000 0.210417 0.250000 0.212500 0.256250 0.218750 0.258333 0.218750 0.264583 0.225000 0.264583 0.227083 0.281250 0.243750 0.264583 0.227083 0.264583 0.225000 0.258333 0.218750 0.256250 0.218750 0.250000 0.212500 0.250000 0.210417 0.227083 0.187500 0.225000 0.187500 0.218750 0.181250 0.218750 0.179167 0.195833 0.156250 0.193750 0.156250 0.187500 0.150000 0.187500 0.147917 0.179167 0.139583 0.179167 0.137500 0.166667 0.125000 0.164583 0.125000 0.156250 0.116667 0.156250 0.114583 0.141667 0.100000 0.137500 0.100000
0 0.120833 0.083333 0.125000 0.087500 0.125000 0.089583 0.129167 0.093750 0.131250 0.093750 0.129167 0.093750 0.125000 0.089583 0.125000 0.087500
0 0.047917 0.002083 0.050000 0.004167 0.050000 0.012500 0.062500 0.025000 0.062500 0.027083 0.093750 0.058333 0.093750 0.060417 0.095833 0.060417 0.097917 0.062500 0.100000 0.062500 0.116667 0.079167 0.100000 0.062500 0.097917 0.062500 0.062500 0.027083 0.062500 0.025000 0.050000 0.012500 0.050000 0.004167