0 0.208333 0.841667 0.210417 0.843750 0.214583 0.843750 0.210417 0.843750
0 0.560417 0.829167 0.562500 0.831250 0.591667 0.831250 0.593750 0.833333 0.606250 0.833333 0.610417 0.837500 0.625000 0.837500 0.627083 0.839583 0.631250 0.835417 0.637500 0.835417 0.639583 0.833333 0.641667 0.833333 0.643750 0.831250 0.645833 0.831250 0.647917 0.833333 0.666667 0.833333 0.668750 0.835417 0.670833 0.835417 0.672917 0.837500 0.679167 0.837500 0.681250 0.835417 0.687500 0.835417 0.689583 0.833333 0.706250 0.833333 0.689583 0.833333 0.687500 0.835417 0.681250 0.835417 0.679167 0.837500 0.672917 0.837500 0.670833 0.835417 0.668750 0.835417 0.666667 0.833333 0.647917 0.833333 0.645833 0.831250 0.643750 0.831250 0.641667 0.833333 0.639583 0.833333 0.637500 0.835417 0.631250 0.835417 0.627083 0.839583 0.625000 0.837500 0.610417 0.837500 0.606250 0.833333 0.593750 0.833333 0.591667 0.831250 0.562500 0.831250
0 0.150000 0.827083 0.147917 0.829167 0.143750 0.829167 0.141667 0.831250 0.139583 0.831250 0.137500 0.833333 0.139583 0.831250 0.141667 0.831250 0.143750 0.829167 0.147917 0.829167 0.150000 0.827083 0.154167 0.827083 0.158333 0.831250 0.168750 0.831250 0.170833 0.833333 0.177083 0.833333 0.179167 0.831250 0.181250 0.831250 0.183333 0.829167 0.189583 0.829167 0.193750 0.833333 0.195833 0.833333 0.200000 0.837500 0.204167 0.837500 0.200000 0.837500 0.195833 0.833333 0.193750 0.833333 0.187500 0.827083 0.185417 0.829167 0.183333 0.829167 0.181250 0.831250 0.179167 0.831250 0.177083 0.833333 0.170833 0.833333 0.168750 0.831250 0.158333 0.831250 0.154167 0.827083
0 0.095833 0.827083 0.091667 0.831250 0.093750 0.831250 0.093750 0.829167 0.095833 0.827083 0.108333 0.827083 0.110417 0.829167 0.112500 0.829167 0.114583 0.831250 0.118750 0.831250 0.122917 0.835417 0.131250 0.835417 0.133333 0.833333 0.131250 0.835417 0.122917 0.835417 0.118750 0.831250 0.114583 0.831250 0.112500 0.829167 0.110417 0.829167 0.108333 0.827083
0 0.035417 0.827083 0.031250 0.831250 0.031250 0.833333 0.029167 0.835417 0.027083 0.835417 0.025000 0.837500 0.020833 0.837500 0.018750 0.835417 0.006250 0.835417 0.004167 0.837500 0.006250 0.835417 0.018750 0.835417 0.020833 0.837500 0.025000 0.837500 0.027083 0.835417 0.029167 0.835417 0.031250 0.833333 0.031250 0.831250 0.035417 0.827083 0.037500 0.829167 0.047917 0.829167 0.050000 0.831250 0.052083 0.831250 0.054167 0.829167 0.064583 0.829167 0.066667 0.831250 0.072917 0.831250 0.075000 0.829167 0.081250 0.829167 0.083333 0.831250 0.087500 0.831250 0.083333 0.831250 0.081250 0.829167 0.075000 0.829167 0.072917 0.831250 0.066667 0.831250 0.064583 0.829167 0.054167 0.829167 0.052083 0.831250 0.050000 0.831250 0.047917 0.829167 0.037500 0.829167
0 0.452083 0.806250 0.450000 0.808333 0.435417 0.808333 0.450000 0.808333 0.452083 0.806250 0.460417 0.806250 0.462500 0.808333 0.466667 0.808333 0.470833 0.812500 0.477083 0.812500 0.479167 0.814583 0.485417 0.814583 0.487500 0.816667 0.497917 0.816667 0.502083 0.820833 0.506250 0.820833 0.508333 0.818750 0.512500 0.818750 0.514583 0.816667 0.522917 0.816667 0.527083 0.820833 0.529167 0.820833 0.531250 0.822917 0.535417 0.822917 0.539583 0.827083 0.556250 0.827083 0.539583 0.827083 0.535417 0.822917 0.531250 0.822917 0.529167 0.820833 0.527083 0.820833 0.522917 0.816667 0.514583 0.816667 0.512500 0.818750 0.508333 0.818750 0.506250 0.820833 0.502083 0.820833 0.497917 0.816667 0.487500 0.816667 0.485417 0.814583 0.479167 0.814583 0.477083 0.812500 0.470833 0.812500 0.466667 0.808333 0.462500 0.808333 0.460417 0.806250
0 0.739583 0.804167 0.731250 0.812500 0.729167 0.812500 0.718750 0.822917 0.718750 0.825000 0.714583 0.829167 0.712500 0.829167 0.710417 0.831250 0.712500 0.829167 0.714583 0.829167 0.718750 0.825000 0.718750 0.822917 0.729167 0.812500 0.731250 0.812500
0 0.379167 0.785417 0.375000 0.789583 0.375000 0.791667 0.354167 0.812500 0.352083 0.812500 0.343750 0.820833 0.343750 0.822917 0.327083 0.839583 0.316667 0.839583 0.314583 0.841667 0.312500 0.841667 0.308333 0.845833 0.304167 0.845833 0.302083 0.847917 0.293750 0.847917 0.289583 0.843750 0.283333 0.843750 0.281250 0.841667 0.275000 0.841667 0.270833 0.837500 0.264583 0.837500 0.262500 0.835417 0.260417 0.835417 0.258333 0.833333 0.252083 0.833333 0.250000 0.835417 0.247917 0.835417 0.243750 0.839583 0.241667 0.839583 0.239583 0.841667 0.235417 0.841667 0.233333 0.843750 0.220833 0.843750 0.218750 0.845833 0.220833 0.843750 0.233333 0.843750 0.235417 0.841667 0.239583 0.841667 0.241667 0.839583 0.243750 0.839583 0.247917 0.835417 0.250000 0.835417 0.252083 0.833333 0.258333 0.833333 0.260417 0.835417 0.262500 0.835417 0.264583 0.837500 0.270833 0.837500 0.275000 0.841667 0.281250 0.841667 0.283333 0.843750 0.289583 0.843750 0.293750 0.847917 0.302083 0.847917 0.304167 0.845833 0.308333 0.845833 0.310417 0.843750 0.312500 0.843750 0.316667 0.839583 0.327083 0.839583 0.343750 0.822917 0.343750 0.820833 0.352083 0.812500 0.354167 0.812500 0.375000 0.791667 0.375000 0.789583 0.379167 0.785417 0.383333 0.789583 0.387500 0.789583 0.389583 0.791667 0.391667 0.791667 0.393750 0.793750 0.402083 0.793750 0.410417 0.802083 0.412500 0.802083 0.416667 0.806250 0.425000 0.806250 0.427083 0.808333 0.431250 0.808333 0.427083 0.808333 0.425000 0.806250 0.416667 0.806250 0.412500 0.802083 0.410417 0.802083 0.406250 0.797917 0.406250 0.795833 0.404167 0.795833 0.402083 0.793750 0.393750 0.793750 0.391667 0.791667 0.389583 0.791667 0.387500 0.789583 0.383333 0.789583
0 0.406250 0.593750 0.406250 0.595833 0.402083 0.600000 0.400000 0.597917 0.402083 0.600000 0.408333 0.593750
0 0.606250 0.508333 0.593750 0.520833 0.591667 0.520833 0.587500 0.525000 0.583333 0.525000 0.577083 0.531250 0.575000 0.531250 0.572917 0.533333 0.562500 0.533333 0.560417 0.535417 0.558333 0.535417 0.556250 0.537500 0.552083 0.537500 0.547917 0.541667 0.545833 0.541667 0.543750 0.543750 0.541667 0.543750 0.537500 0.547917 0.529167 0.547917 0.527083 0.550000 0.525000 0.550000 0.522917 0.552083 0.497917 0.552083 0.495833 0.550000 0.493750 0.550000 0.491667 0.552083 0.487500 0.552083 0.485417 0.550000 0.483333 0.550000 0.481250 0.547917 0.479167 0.550000 0.470833 0.550000 0.468750 0.552083 0.468750 0.554167 0.460417 0.562500 0.458333 0.562500 0.454167 0.566667 0.437500 0.566667 0.454167 0.566667 0.458333 0.562500 0.460417 0.562500 0.468750 0.554167 0.468750 0.552083 0.470833 0.550000 0.479167 0.550000 0.481250 0.547917 0.483333 0.550000 0.485417 0.550000 0.487500 0.552083 0.491667 0.552083 0.493750 0.550000 0.495833 0.550000 0.497917 0.552083 0.522917 0.552083 0.525000 0.550000 0.527083 0.550000 0.529167 0.547917 0.537500 0.547917 0.541667 0.543750 0.543750 0.543750 0.545833 0.541667 0.547917 0.541667 0.552083 0.537500 0.556250 0.537500 0.558333 0.535417 0.562500 0.535417 0.564583 0.533333 0.572917 0.533333 0.575000 0.531250 0.577083 0.531250 0.583333 0.525000 0.587500 0.525000 0.591667 0.520833 0.593750 0.520833
0 0.881250 0.477083 0.877083 0.481250 0.870833 0.481250 0.877083 0.481250 0.881250 0.477083 0.891667 0.477083 0.895833 0.481250 0.900000 0.481250 0.908333 0.489583 0.910417 0.487500 0.914583 0.487500 0.916667 0.489583 0.920833 0.489583 0.931250 0.500000 0.933333 0.500000 0.937500 0.504167 0.937500 0.506250 0.941667 0.510417 0.945833 0.510417 0.947917 0.512500 0.954167 0.512500 0.956250 0.514583 0.962500 0.514583 0.964583 0.512500 0.970833 0.518750 0.972917 0.518750 0.977083 0.522917 0.979167 0.522917 0.983333 0.527083 0.979167 0.522917 0.977083 0.522917 0.972917 0.518750 0.970833 0.518750 0.964583 0.512500 0.962500 0.514583 0.956250 0.514583 0.954167 0.512500 0.947917 0.512500 0.945833 0.510417 0.941667 0.510417 0.937500 0.506250 0.937500 0.504167 0.933333 0.500000 0.931250 0.500000 0.920833 0.489583 0.916667 0.489583 0.914583 0.487500 0.910417 0.487500 0.908333 0.489583 0.900000 0.481250 0.895833 0.481250 0.891667 0.477083
0 0.691667 0.477083 0.689583 0.479167 0.687500 0.479167 0.685417 0.481250 0.683333 0.481250 0.681250 0.483333 0.677083 0.483333 0.668750 0.491667 0.666667 0.491667 0.664583 0.493750 0.662500 0.493750 0.660417 0.491667 0.654167 0.491667 0.652083 0.489583 0.650000 0.489583 0.647917 0.487500 0.643750 0.487500 0.639583 0.483333 0.633333 0.483333 0.631250 0.485417 0.629167 0.485417 0.625000 0.489583 0.625000 0.491667 0.616667 0.500000 0.614583 0.500000 0.610417 0.504167 0.614583 0.500000 0.616667 0.500000 0.625000 0.491667 0.625000 0.489583 0.629167 0.485417 0.631250 0.485417 0.633333 0.483333 0.639583 0.483333 0.643750 0.487500 0.647917 0.487500 0.650000 0.489583 0.652083 0.489583 0.654167 0.491667 0.660417 0.491667 0.662500 0.493750 0.664583 0.493750 0.666667 0.491667 0.668750 0.491667 0.677083 0.483333 0.681250 0.483333 0.683333 0.481250 0.685417 0.481250 0.687500 0.479167 0.689583 0.479167 0.691667 0.477083 0.695833 0.477083
0 0.795833 0.460417 0.793750 0.462500 0.791667 0.462500 0.787500 0.466667 0.781250 0.466667 0.779167 0.468750 0.752083 0.468750 0.747917 0.464583 0.743750 0.464583 0.741667 0.466667 0.737500 0.466667 0.735417 0.468750 0.729167 0.468750 0.727083 0.470833 0.718750 0.470833 0.716667 0.472917 0.712500 0.472917 0.710417 0.475000 0.702083 0.475000 0.700000 0.477083 0.702083 0.475000 0.710417 0.475000 0.712500 0.472917 0.716667 0.472917 0.718750 0.470833 0.727083 0.470833 0.729167 0.468750 0.735417 0.468750 0.737500 0.466667 0.741667 0.466667 0.743750 0.464583 0.747917 0.464583 0.750000 0.466667 0.750000 0.468750 0.781250 0.468750 0.783333 0.466667 0.787500 0.466667 0.791667 0.462500 0.793750 0.462500 0.795833 0.460417 0.797917 0.460417 0.804167 0.466667 0.806250 0.466667 0.808333 0.468750 0.810417 0.468750 0.812500 0.470833 0.816667 0.470833 0.822917 0.477083 0.825000 0.477083 0.827083 0.479167 0.829167 0.479167 0.831250 0.481250 0.837500 0.481250 0.839583 0.483333 0.866667 0.483333 0.839583 0.483333 0.837500 0.481250 0.831250 0.481250 0.829167 0.479167 0.827083 0.479167 0.825000 0.477083 0.822917 0.477083 0.816667 0.470833 0.812500 0.470833 0.810417 0.468750 0.808333 0.468750 0.806250 0.466667 0.804167 0.466667 0.797917 0.460417