0 0.622917 0.406250 0.627083 0.410417 0.635417 0.410417 0.637500 0.412500 0.639583 0.410417 0.652083 0.410417 0.654167 0.408333 0.656250 0.410417 0.668750 0.410417 0.670833 0.412500 0.672917 0.412500 0.675000 0.410417 0.677083 0.412500 0.679167 0.412500 0.681250 0.414583 0.695833 0.414583 0.681250 0.414583 0.679167 0.412500 0.677083 0.412500 0.675000 0.410417 0.672917 0.412500 0.670833 0.412500 0.668750 0.410417 0.658333 0.410417 0.656250 0.408333 0.654167 0.408333 0.652083 0.410417 0.639583 0.410417 0.637500 0.412500 0.635417 0.410417 0.627083 0.410417
0 0.981250 0.393750 0.985417 0.393750 0.987500 0.395833 0.993750 0.395833 0.987500 0.395833 0.985417 0.393750
0 0.904167 0.375000 0.922917 0.375000 0.925000 0.377083 0.927083 0.377083 0.929167 0.379167 0.931250 0.379167 0.933333 0.381250 0.935417 0.381250 0.941667 0.387500 0.954167 0.387500 0.956250 0.385417 0.958333 0.387500 0.960417 0.387500 0.958333 0.387500 0.956250 0.385417 0.954167 0.387500 0.941667 0.387500 0.937500 0.383333 0.937500 0.381250 0.933333 0.381250 0.931250 0.379167 0.929167 0.379167 0.927083 0.377083 0.925000 0.377083 0.922917 0.375000
0 0.760417 0.372917 0.758333 0.375000 0.754167 0.375000 0.752083 0.377083 0.750000 0.377083 0.747917 0.379167 0.745833 0.379167 0.743750 0.381250 0.739583 0.381250 0.737500 0.383333 0.735417 0.383333 0.733333 0.385417 0.727083 0.385417 0.718750 0.393750 0.718750 0.395833 0.708333 0.406250 0.706250 0.406250 0.700000 0.412500 0.706250 0.406250 0.708333 0.406250 0.718750 0.395833 0.718750 0.393750 0.727083 0.385417 0.733333 0.385417 0.735417 0.383333 0.737500 0.383333 0.739583 0.381250 0.743750 0.381250 0.745833 0.379167 0.750000 0.379167 0.754167 0.375000 0.758333 0.375000 0.760417 0.372917 0.789583 0.372917
0 0.818750 0.362500 0.816667 0.364583 0.804167 0.364583 0.797917 0.370833 0.793750 0.370833 0.797917 0.370833 0.804167 0.364583 0.816667 0.364583 0.818750 0.362500 0.843750 0.362500 0.845833 0.364583 0.847917 0.364583 0.850000 0.366667 0.852083 0.366667 0.856250 0.370833 0.858333 0.370833 0.860417 0.368750 0.862500 0.368750 0.864583 0.370833 0.881250 0.370833 0.883333 0.372917 0.900000 0.372917 0.883333 0.372917 0.881250 0.370833 0.864583 0.370833 0.862500 0.368750 0.860417 0.368750 0.858333 0.370833 0.856250 0.370833 0.852083 0.366667 0.850000 0.366667 0.847917 0.364583 0.845833 0.364583 0.843750 0.362500
0 0.460417 0.345833 0.468750 0.354167 0.468750 0.356250 0.485417 0.372917 0.489583 0.372917 0.491667 0.375000 0.497917 0.375000 0.518750 0.395833 0.520833 0.395833 0.525000 0.391667 0.527083 0.391667 0.529167 0.389583 0.531250 0.391667 0.547917 0.391667 0.550000 0.393750 0.558333 0.393750 0.560417 0.391667 0.562500 0.391667 0.564583 0.393750 0.566667 0.393750 0.568750 0.395833 0.581250 0.395833 0.583333 0.397917 0.591667 0.397917 0.595833 0.402083 0.597917 0.402083 0.600000 0.404167 0.604167 0.404167 0.606250 0.406250 0.616667 0.406250 0.606250 0.406250 0.604167 0.404167 0.600000 0.404167 0.597917 0.402083 0.595833 0.402083 0.591667 0.397917 0.583333 0.397917 0.581250 0.395833 0.568750 0.395833 0.566667 0.393750 0.564583 0.393750 0.562500 0.391667 0.560417 0.391667 0.558333 0.393750 0.550000 0.393750 0.547917 0.391667 0.533333 0.391667 0.531250 0.389583 0.529167 0.389583 0.527083 0.391667 0.525000 0.391667 0.520833 0.395833 0.518750 0.395833 0.497917 0.375000 0.491667 0.375000 0.489583 0.372917 0.485417 0.372917 0.468750 0.356250 0.468750 0.354167
0 0.362500 0.293750 0.364583 0.293750 0.366667 0.295833 0.372917 0.295833 0.377083 0.300000 0.387500 0.300000 0.389583 0.302083 0.391667 0.302083 0.393750 0.304167 0.395833 0.304167 0.397917 0.302083 0.400000 0.302083 0.404167 0.306250 0.408333 0.306250 0.410417 0.304167 0.412500 0.304167 0.414583 0.302083 0.437500 0.302083 0.437500 0.300000 0.439583 0.297917 0.435417 0.302083 0.414583 0.302083 0.412500 0.304167 0.410417 0.304167 0.408333 0.306250 0.404167 0.306250 0.400000 0.302083 0.397917 0.302083 0.395833 0.304167 0.393750 0.304167 0.391667 0.302083 0.389583 0.302083 0.387500 0.300000 0.377083 0.300000 0.372917 0.295833 0.366667 0.295833 0.364583 0.293750
0 0.329167 0.275000 0.335417 0.281250 0.339583 0.281250 0.343750 0.285417 0.345833 0.285417 0.347917 0.287500 0.354167 0.287500 0.356250 0.289583 0.354167 0.287500 0.347917 0.287500 0.345833 0.285417 0.343750 0.285417 0.339583 0.281250 0.335417 0.281250
0 0.027083 0.264583 0.016667 0.275000 0.014583 0.275000 0.012500 0.272917 0.004167 0.281250 0.002083 0.281250 0.004167 0.281250 0.012500 0.272917 0.014583 0.275000 0.016667 0.275000 0.027083 0.264583 0.029167 0.264583 0.031250 0.266667 0.035417 0.266667 0.050000 0.281250 0.052083 0.281250 0.058333 0.287500 0.060417 0.287500 0.062500 0.285417 0.064583 0.287500 0.066667 0.285417 0.070833 0.285417 0.072917 0.283333 0.077083 0.283333 0.079167 0.281250 0.095833 0.281250 0.097917 0.279167 0.100000 0.279167 0.102083 0.281250 0.106250 0.281250 0.108333 0.283333 0.125000 0.283333 0.129167 0.279167 0.131250 0.279167 0.137500 0.272917 0.131250 0.279167 0.129167 0.279167 0.127083 0.281250 0.125000 0.281250 0.122917 0.283333 0.108333 0.283333 0.106250 0.281250 0.102083 0.281250 0.100000 0.279167 0.097917 0.279167 0.095833 0.281250 0.079167 0.281250 0.077083 0.283333 0.072917 0.283333 0.070833 0.285417 0.066667 0.285417 0.064583 0.287500 0.062500 0.285417 0.060417 0.287500 0.058333 0.287500 0.052083 0.281250 0.050000 0.281250 0.035417 0.266667 0.031250 0.266667 0.029167 0.264583
0 0.306250 0.254167 0.302083 0.258333 0.306250 0.254167 0.308333 0.254167 0.312500 0.258333 0.312500 0.260417 0.314583 0.262500 0.316667 0.262500 0.322917 0.268750 0.316667 0.262500 0.314583 0.262500 0.312500 0.260417 0.312500 0.258333 0.308333 0.254167
0 0.218750 0.220833 0.200000 0.239583 0.189583 0.239583 0.187500 0.241667 0.181250 0.241667 0.179167 0.243750 0.170833 0.243750 0.168750 0.245833 0.166667 0.245833 0.164583 0.247917 0.162500 0.247917 0.160417 0.250000 0.158333 0.250000 0.156250 0.252083 0.158333 0.250000 0.160417 0.250000 0.162500 0.247917 0.164583 0.247917 0.166667 0.245833 0.168750 0.245833 0.170833 0.243750 0.179167 0.243750 0.181250 0.241667 0.187500 0.241667 0.189583 0.239583 0.200000 0.239583 0.218750 0.220833 0.220833 0.222917 0.227083 0.222917 0.229167 0.225000 0.231250 0.225000 0.233333 0.227083 0.235417 0.227083 0.250000 0.241667 0.250000 0.243750 0.254167 0.247917 0.256250 0.247917 0.258333 0.250000 0.281250 0.250000 0.291667 0.260417 0.297917 0.260417 0.291667 0.260417 0.281250 0.250000 0.258333 0.250000 0.256250 0.247917 0.254167 0.247917 0.250000 0.243750 0.250000 0.241667 0.235417 0.227083 0.233333 0.227083 0.231250 0.225000 0.229167 0.225000 0.227083 0.222917 0.220833 0.222917