0 0.843750 0.887500 0.843750 0.891667 0.845833 0.893750 0.845833 0.895833 0.852083 0.902083 0.852083 0.910417 0.854167 0.912500 0.854167 0.918750 0.858333 0.922917 0.858333 0.927083 0.860417 0.929167 0.860417 0.935417 0.858333 0.937500 0.858333 0.947917 0.860417 0.950000 0.860417 0.962500 0.862500 0.964583 0.862500 0.979167 0.866667 0.983333 0.866667 0.985417 0.868750 0.987500 0.868750 0.989583 0.870833 0.991667 0.868750 0.989583 0.868750 0.987500 0.866667 0.985417 0.866667 0.983333 0.862500 0.979167 0.862500 0.964583 0.860417 0.962500 0.860417 0.950000 0.858333 0.947917 0.858333 0.939583 0.860417 0.937500 0.860417 0.929167 0.858333 0.927083 0.858333 0.922917 0.854167 0.918750 0.854167 0.912500 0.852083 0.910417 0.852083 0.902083 0.845833 0.895833 0.845833 0.893750 0.843750 0.891667
0 0.831250 0.793750 0.831250 0.806250 0.833333 0.808333 0.833333 0.820833 0.835417 0.822917 0.835417 0.837500 0.837500 0.839583 0.837500 0.868750 0.839583 0.870833 0.839583 0.877083 0.841667 0.879167 0.841667 0.883333 0.841667 0.879167 0.839583 0.877083 0.839583 0.870833 0.837500 0.868750 0.837500 0.839583 0.835417 0.837500 0.835417 0.822917 0.833333 0.820833 0.833333 0.808333 0.831250 0.806250
0 0.810417 0.743750 0.810417 0.745833 0.812500 0.747917 0.812500 0.752083 0.814583 0.754167 0.814583 0.756250 0.816667 0.758333 0.816667 0.760417 0.814583 0.762500 0.818750 0.766667 0.818750 0.768750 0.820833 0.770833 0.820833 0.772917 0.822917 0.775000 0.822917 0.779167 0.827083 0.783333 0.827083 0.785417 0.829167 0.787500 0.829167 0.789583 0.829167 0.787500 0.827083 0.785417 0.827083 0.783333 0.822917 0.779167 0.822917 0.775000 0.820833 0.772917 0.820833 0.770833 0.818750 0.768750 0.818750 0.766667 0.814583 0.762500 0.816667 0.760417 0.816667 0.758333 0.814583 0.756250 0.814583 0.754167 0.812500 0.752083 0.812500 0.747917 0.810417 0.745833
0 0.641667 0.450000 0.643750 0.452083 0.643750 0.460417 0.641667 0.462500 0.641667 0.464583 0.643750 0.466667 0.643750 0.485417 0.645833 0.487500 0.645833 0.491667 0.647917 0.493750 0.647917 0.495833 0.650000 0.497917 0.650000 0.500000 0.652083 0.502083 0.652083 0.506250 0.654167 0.508333 0.654167 0.510417 0.656250 0.512500 0.656250 0.514583 0.666667 0.525000 0.666667 0.527083 0.675000 0.535417 0.675000 0.537500 0.677083 0.539583 0.677083 0.543750 0.679167 0.545833 0.679167 0.550000 0.681250 0.552083 0.681250 0.554167 0.683333 0.556250 0.683333 0.566667 0.685417 0.568750 0.685417 0.579167 0.687500 0.581250 0.687500 0.591667 0.689583 0.593750 0.691667 0.593750 0.704167 0.606250 0.704167 0.616667 0.712500 0.625000 0.714583 0.625000 0.718750 0.629167 0.718750 0.631250 0.741667 0.654167 0.741667 0.664583 0.743750 0.666667 0.743750 0.672917 0.745833 0.675000 0.745833 0.681250 0.747917 0.683333 0.747917 0.693750 0.750000 0.695833 0.750000 0.702083 0.752083 0.704167 0.752083 0.706250 0.760417 0.714583 0.760417 0.718750 0.762500 0.720833 0.762500 0.722917 0.766667 0.727083 0.766667 0.733333 0.766667 0.727083 0.762500 0.722917 0.762500 0.720833 0.760417 0.718750 0.760417 0.714583 0.752083 0.706250 0.752083 0.704167 0.750000 0.702083 0.750000 0.695833 0.747917 0.693750 0.747917 0.683333 0.745833 0.681250 0.745833 0.675000 0.743750 0.672917 0.743750 0.666667 0.741667 0.664583 0.741667 0.654167 0.718750 0.631250 0.718750 0.629167 0.714583 0.625000 0.712500 0.625000 0.704167 0.616667 0.704167 0.606250 0.691667 0.593750 0.689583 0.593750 0.687500 0.591667 0.687500 0.581250 0.685417 0.579167 0.685417 0.568750 0.683333 0.566667 0.683333 0.556250 0.681250 0.554167 0.681250 0.552083 0.679167 0.550000 0.679167 0.545833 0.677083 0.543750 0.677083 0.539583 0.675000 0.537500 0.675000 0.535417 0.672917 0.533333 0.672917 0.531250 0.670833 0.531250 0.666667 0.527083 0.666667 0.525000 0.656250 0.514583 0.656250 0.512500 0.654167 0.510417 0.654167 0.508333 0.652083 0.506250 0.652083 0.502083 0.650000 0.500000 0.650000 0.497917 0.647917 0.495833 0.647917 0.493750 0.645833 0.491667 0.645833 0.487500 0.643750 0.485417 0.643750 0.466667 0.641667 0.464583 0.641667 0.462500 0.643750 0.460417 0.643750 0.452083
0 0.610417 0.356250 0.612500 0.358333 0.612500 0.360417 0.620833 0.368750 0.620833 0.370833 0.627083 0.377083 0.627083 0.379167 0.629167 0.381250 0.629167 0.383333 0.631250 0.385417 0.631250 0.389583 0.635417 0.393750 0.635417 0.406250 0.637500 0.408333 0.637500 0.416667 0.635417 0.418750 0.635417 0.435417 0.637500 0.437500 0.635417 0.435417 0.635417 0.418750 0.637500 0.416667 0.637500 0.406250 0.635417 0.404167 0.635417 0.393750 0.631250 0.389583 0.631250 0.385417 0.629167 0.383333 0.629167 0.381250 0.627083 0.379167 0.627083 0.377083 0.620833 0.370833 0.620833 0.368750 0.612500 0.360417 0.612500 0.358333
0 0.591667 0.289583 0.593750 0.291667 0.593750 0.302083 0.595833 0.304167 0.595833 0.306250 0.597917 0.308333 0.597917 0.322917 0.600000 0.325000 0.600000 0.331250 0.602083 0.333333 0.602083 0.335417 0.604167 0.337500 0.604167 0.341667 0.606250 0.343750 0.606250 0.347917 0.606250 0.343750 0.604167 0.341667 0.604167 0.337500 0.602083 0.335417 0.602083 0.333333 0.600000 0.331250 0.600000 0.325000 0.597917 0.322917 0.597917 0.308333 0.595833 0.306250 0.595833 0.304167 0.593750 0.302083 0.593750 0.291667
0 0.554167 0.237500 0.554167 0.241667 0.556250 0.243750 0.556250 0.250000 0.556250 0.243750 0.554167 0.241667
0 0.562500 0.183333 0.562500 0.185417 0.560417 0.187500 0.560417 0.200000 0.556250 0.204167 0.556250 0.210417 0.554167 0.212500 0.554167 0.216667 0.552083 0.218750 0.554167 0.220833 0.554167 0.233333 0.554167 0.212500 0.556250 0.210417 0.556250 0.204167 0.560417 0.200000 0.560417 0.187500 0.562500 0.185417
0 0.545833 0.102083 0.545833 0.108333 0.547917 0.110417 0.547917 0.116667 0.550000 0.118750 0.550000 0.120833 0.552083 0.122917 0.552083 0.129167 0.554167 0.131250 0.554167 0.154167 0.558333 0.158333 0.558333 0.160417 0.560417 0.162500 0.560417 0.177083 0.560417 0.162500 0.558333 0.160417 0.558333 0.158333 0.554167 0.154167 0.554167 0.131250 0.552083 0.129167 0.552083 0.122917 0.550000 0.120833 0.550000 0.118750 0.547917 0.116667 0.547917 0.110417 0.545833 0.108333
0 0.531250 0.041667 0.531250 0.050000 0.533333 0.052083 0.533333 0.070833 0.535417 0.072917 0.535417 0.075000 0.537500 0.077083 0.537500 0.081250 0.539583 0.083333 0.539583 0.087500 0.541667 0.089583 0.541667 0.093750 0.543750 0.095833 0.543750 0.097917 0.543750 0.093750 0.541667 0.091667 0.541667 0.089583 0.539583 0.087500 0.539583 0.083333 0.537500 0.081250 0.537500 0.077083 0.535417 0.075000 0.535417 0.072917 0.533333 0.070833 0.533333 0.052083 0.531250 0.050000
0 0.508333 0.004167 0.510417 0.006250 0.510417 0.012500 0.522917 0.025000 0.522917 0.031250 0.529167 0.037500 0.525000 0.033333 0.525000 0.031250 0.522917 0.029167 0.522917 0.025000 0.510417 0.012500 0.510417 0.006250