0 0.810417 0.345833 0.808333 0.347917 0.802083 0.347917 0.808333 0.347917 0.810417 0.345833 0.856250 0.345833 0.858333 0.347917 0.866667 0.347917 0.868750 0.350000 0.875000 0.350000 0.877083 0.347917 0.885417 0.347917 0.889583 0.352083 0.895833 0.352083 0.900000 0.356250 0.904167 0.356250 0.910417 0.362500 0.914583 0.362500 0.918750 0.358333 0.920833 0.360417 0.922917 0.360417 0.925000 0.358333 0.931250 0.358333 0.933333 0.356250 0.937500 0.356250 0.939583 0.354167 0.937500 0.356250 0.933333 0.356250 0.931250 0.358333 0.925000 0.358333 0.922917 0.360417 0.920833 0.360417 0.918750 0.358333 0.914583 0.362500 0.912500 0.362500 0.910417 0.360417 0.908333 0.360417 0.904167 0.356250 0.900000 0.356250 0.895833 0.352083 0.889583 0.352083 0.885417 0.347917 0.875000 0.347917 0.872917 0.350000 0.868750 0.350000 0.866667 0.347917 0.858333 0.347917 0.856250 0.345833
0 0.950000 0.343750 0.943750 0.350000 0.950000 0.343750 0.952083 0.345833 0.954167 0.345833 0.956250 0.347917 0.970833 0.347917 0.972917 0.345833 0.983333 0.345833 0.985417 0.343750 0.991667 0.343750 0.985417 0.343750 0.983333 0.345833 0.972917 0.345833 0.970833 0.347917 0.956250 0.347917 0.954167 0.345833 0.952083 0.345833
0 0.677083 0.325000 0.675000 0.327083 0.668750 0.327083 0.666667 0.329167 0.664583 0.327083 0.662500 0.327083 0.664583 0.327083 0.666667 0.329167 0.668750 0.327083 0.675000 0.327083 0.677083 0.325000 0.681250 0.325000 0.683333 0.327083 0.685417 0.327083 0.687500 0.329167 0.687500 0.331250 0.689583 0.333333 0.687500 0.335417 0.691667 0.331250 0.700000 0.331250 0.702083 0.333333 0.704167 0.333333 0.706250 0.335417 0.708333 0.335417 0.710417 0.337500 0.716667 0.337500 0.718750 0.339583 0.718750 0.341667 0.720833 0.341667 0.722917 0.339583 0.737500 0.339583 0.739583 0.337500 0.743750 0.341667 0.747917 0.341667 0.750000 0.343750 0.752083 0.343750 0.754167 0.345833 0.768750 0.345833 0.770833 0.343750 0.777083 0.343750 0.779167 0.345833 0.793750 0.345833 0.795833 0.347917 0.797917 0.347917 0.795833 0.347917 0.793750 0.345833 0.779167 0.345833 0.777083 0.343750 0.770833 0.343750 0.768750 0.345833 0.754167 0.345833 0.750000 0.341667 0.743750 0.341667 0.739583 0.337500 0.737500 0.339583 0.735417 0.339583 0.733333 0.337500 0.731250 0.339583 0.722917 0.339583 0.720833 0.341667 0.716667 0.337500 0.710417 0.337500 0.708333 0.335417 0.706250 0.335417 0.704167 0.333333 0.702083 0.333333 0.700000 0.331250 0.691667 0.331250 0.689583 0.333333 0.687500 0.331250 0.687500 0.329167 0.685417 0.327083 0.683333 0.327083 0.681250 0.325000
0 0.637500 0.322917 0.643750 0.329167 0.652083 0.329167 0.656250 0.333333 0.658333 0.331250 0.658333 0.329167 0.658333 0.331250 0.656250 0.333333 0.652083 0.329167 0.643750 0.329167
0 0.620833 0.312500 0.622917 0.312500 0.625000 0.314583 0.625000 0.316667 0.629167 0.316667 0.631250 0.318750 0.633333 0.318750 0.631250 0.318750 0.629167 0.316667 0.627083 0.316667 0.622917 0.312500
0 0.468750 0.260417 0.468750 0.262500 0.470833 0.264583 0.475000 0.264583 0.477083 0.262500 0.479167 0.262500 0.485417 0.268750 0.489583 0.268750 0.491667 0.270833 0.493750 0.270833 0.497917 0.275000 0.502083 0.275000 0.504167 0.277083 0.504167 0.279167 0.514583 0.279167 0.516667 0.281250 0.522917 0.281250 0.525000 0.283333 0.533333 0.283333 0.535417 0.285417 0.545833 0.285417 0.547917 0.287500 0.550000 0.287500 0.556250 0.293750 0.558333 0.293750 0.562500 0.297917 0.562500 0.300000 0.564583 0.302083 0.566667 0.302083 0.568750 0.304167 0.570833 0.304167 0.572917 0.302083 0.575000 0.302083 0.579167 0.306250 0.593750 0.306250 0.595833 0.308333 0.604167 0.308333 0.606250 0.310417 0.612500 0.310417 0.614583 0.312500 0.616667 0.312500 0.614583 0.312500 0.612500 0.310417 0.606250 0.310417 0.604167 0.308333 0.595833 0.308333 0.593750 0.306250 0.579167 0.306250 0.575000 0.302083 0.572917 0.302083 0.570833 0.304167 0.568750 0.304167 0.566667 0.302083 0.564583 0.302083 0.562500 0.300000 0.562500 0.297917 0.558333 0.293750 0.556250 0.293750 0.550000 0.287500 0.547917 0.287500 0.545833 0.285417 0.535417 0.285417 0.533333 0.283333 0.525000 0.283333 0.522917 0.281250 0.516667 0.281250 0.514583 0.279167 0.508333 0.279167 0.506250 0.277083 0.504167 0.277083 0.502083 0.275000 0.497917 0.275000 0.493750 0.270833 0.491667 0.270833 0.489583 0.268750 0.485417 0.268750 0.479167 0.262500 0.477083 0.262500 0.475000 0.264583 0.470833 0.264583 0.468750 0.262500
0 0.316667 0.220833 0.322917 0.220833 0.325000 0.222917 0.327083 0.222917 0.329167 0.225000 0.333333 0.225000 0.339583 0.231250 0.350000 0.231250 0.352083 0.233333 0.358333 0.233333 0.364583 0.239583 0.370833 0.239583 0.375000 0.243750 0.385417 0.243750 0.389583 0.247917 0.395833 0.247917 0.397917 0.250000 0.420833 0.250000 0.422917 0.252083 0.450000 0.252083 0.452083 0.254167 0.460417 0.254167 0.464583 0.258333 0.460417 0.254167 0.452083 0.254167 0.450000 0.252083 0.422917 0.252083 0.420833 0.250000 0.397917 0.250000 0.395833 0.247917 0.389583 0.247917 0.385417 0.243750 0.375000 0.243750 0.370833 0.239583 0.364583 0.239583 0.358333 0.233333 0.352083 0.233333 0.350000 0.231250 0.339583 0.231250 0.333333 0.225000 0.329167 0.225000 0.327083 0.222917 0.325000 0.222917 0.322917 0.220833
0 0.312500 0.218750 0.310417 0.220833 0.306250 0.220833 0.302083 0.225000 0.306250 0.220833 0.310417 0.220833
0 0.175000 0.200000 0.179167 0.200000 0.181250 0.202083 0.185417 0.202083 0.187500 0.204167 0.189583 0.204167 0.193750 0.208333 0.195833 0.208333 0.197917 0.210417 0.206250 0.202083 0.212500 0.202083 0.214583 0.204167 0.216667 0.204167 0.220833 0.208333 0.229167 0.208333 0.235417 0.214583 0.237500 0.212500 0.239583 0.214583 0.241667 0.214583 0.245833 0.218750 0.247917 0.216667 0.272917 0.216667 0.275000 0.218750 0.279167 0.218750 0.281250 0.220833 0.283333 0.220833 0.285417 0.218750 0.287500 0.218750 0.289583 0.220833 0.300000 0.220833 0.289583 0.220833 0.287500 0.218750 0.285417 0.218750 0.283333 0.220833 0.281250 0.220833 0.279167 0.218750 0.275000 0.218750 0.272917 0.216667 0.266667 0.216667 0.264583 0.214583 0.262500 0.216667 0.247917 0.216667 0.245833 0.218750 0.241667 0.214583 0.239583 0.214583 0.237500 0.212500 0.235417 0.214583 0.229167 0.208333 0.220833 0.208333 0.216667 0.204167 0.214583 0.204167 0.212500 0.202083 0.206250 0.202083 0.197917 0.210417 0.195833 0.208333 0.193750 0.208333 0.189583 0.204167 0.189583 0.202083 0.187500 0.204167 0.185417 0.202083 0.181250 0.202083 0.179167 0.200000
0 0.141667 0.189583 0.143750 0.189583 0.145833 0.191667 0.147917 0.191667 0.152083 0.195833 0.154167 0.195833 0.160417 0.202083 0.162500 0.202083 0.164583 0.200000 0.170833 0.200000 0.164583 0.200000 0.162500 0.202083 0.160417 0.202083 0.154167 0.195833 0.152083 0.195833 0.147917 0.191667 0.145833 0.191667 0.143750 0.189583
0 0.100000 0.175000 0.106250 0.175000 0.108333 0.177083 0.116667 0.177083 0.118750 0.179167 0.120833 0.179167 0.127083 0.185417 0.129167 0.185417 0.131250 0.187500 0.135417 0.187500 0.137500 0.189583 0.135417 0.187500 0.131250 0.187500 0.129167 0.185417 0.127083 0.185417 0.125000 0.183333 0.125000 0.181250 0.122917 0.181250 0.118750 0.177083 0.108333 0.177083 0.106250 0.175000
0 0.047917 0.158333 0.052083 0.162500 0.060417 0.162500 0.066667 0.168750 0.072917 0.168750 0.077083 0.172917 0.093750 0.172917 0.095833 0.175000 0.093750 0.172917 0.077083 0.172917 0.072917 0.168750 0.066667 0.168750 0.060417 0.162500 0.052083 0.162500
0 0.004167 0.154167 0.006250 0.156250 0.010417 0.156250 0.012500 0.154167 0.020833 0.154167 0.022917 0.156250 0.027083 0.156250 0.029167 0.158333 0.043750 0.158333 0.029167 0.158333 0.027083 0.156250 0.022917 0.156250 0.020833 0.154167 0.012500 0.154167 0.010417 0.156250 0.006250 0.156250