0 0.645833 0.181250 0.647917 0.183333 0.647917 0.185417 0.654167 0.191667 0.654167 0.193750 0.656250 0.195833 0.656250 0.197917 0.658333 0.200000 0.658333 0.202083 0.660417 0.204167 0.660417 0.206250 0.664583 0.210417 0.664583 0.212500 0.670833 0.218750 0.670833 0.220833 0.677083 0.227083 0.670833 0.220833 0.670833 0.218750 0.664583 0.212500 0.664583 0.210417 0.660417 0.206250 0.660417 0.204167 0.658333 0.202083 0.658333 0.200000 0.656250 0.197917 0.656250 0.195833 0.654167 0.193750 0.654167 0.191667 0.647917 0.185417 0.647917 0.183333
0 0.131250 0.143750 0.129167 0.145833 0.118750 0.145833 0.116667 0.147917 0.102083 0.147917 0.100000 0.150000 0.093750 0.150000 0.091667 0.152083 0.085417 0.152083 0.083333 0.150000 0.081250 0.152083 0.079167 0.152083 0.077083 0.154167 0.075000 0.152083 0.070833 0.156250 0.056250 0.156250 0.054167 0.158333 0.052083 0.158333 0.050000 0.156250 0.043750 0.156250 0.037500 0.162500 0.033333 0.162500 0.031250 0.164583 0.025000 0.164583 0.022917 0.166667 0.016667 0.166667 0.014583 0.168750 0.012500 0.168750 0.010417 0.166667 0.012500 0.168750 0.014583 0.168750 0.016667 0.166667 0.022917 0.166667 0.025000 0.164583 0.031250 0.164583 0.033333 0.162500 0.037500 0.162500 0.043750 0.156250 0.050000 0.156250 0.052083 0.158333 0.054167 0.158333 0.056250 0.156250 0.070833 0.156250 0.075000 0.152083 0.077083 0.154167 0.079167 0.152083 0.093750 0.152083 0.095833 0.150000 0.100000 0.150000 0.102083 0.147917 0.116667 0.147917 0.118750 0.145833 0.129167 0.145833 0.131250 0.143750 0.141667 0.143750
0 0.179167 0.139583 0.175000 0.143750 0.172917 0.143750 0.160417 0.156250 0.158333 0.154167 0.156250 0.154167 0.154167 0.156250 0.145833 0.147917 0.154167 0.156250 0.156250 0.154167 0.158333 0.154167 0.160417 0.156250 0.172917 0.143750 0.175000 0.143750 0.177083 0.141667 0.185417 0.141667 0.187500 0.143750 0.187500 0.141667 0.181250 0.141667
0 0.616667 0.131250 0.620833 0.135417 0.620833 0.139583 0.622917 0.141667 0.622917 0.143750 0.625000 0.145833 0.625000 0.147917 0.637500 0.160417 0.637500 0.162500 0.639583 0.164583 0.639583 0.166667 0.641667 0.168750 0.641667 0.170833 0.645833 0.175000 0.645833 0.177083 0.645833 0.175000 0.641667 0.170833 0.641667 0.168750 0.639583 0.166667 0.639583 0.164583 0.637500 0.162500 0.637500 0.160417 0.635417 0.158333 0.635417 0.156250 0.633333 0.156250 0.625000 0.147917 0.625000 0.145833 0.622917 0.143750 0.622917 0.141667 0.620833 0.139583 0.620833 0.135417
0 0.343750 0.120833 0.341667 0.122917 0.339583 0.122917 0.337500 0.125000 0.322917 0.125000 0.320833 0.127083 0.318750 0.127083 0.316667 0.129167 0.314583 0.129167 0.312500 0.131250 0.306250 0.131250 0.304167 0.133333 0.302083 0.131250 0.300000 0.131250 0.297917 0.133333 0.289583 0.133333 0.287500 0.135417 0.275000 0.135417 0.272917 0.137500 0.268750 0.137500 0.266667 0.139583 0.262500 0.135417 0.260417 0.135417 0.260417 0.137500 0.258333 0.139583 0.256250 0.137500 0.254167 0.139583 0.247917 0.139583 0.245833 0.141667 0.239583 0.141667 0.237500 0.143750 0.233333 0.143750 0.231250 0.141667 0.229167 0.141667 0.227083 0.139583 0.218750 0.139583 0.216667 0.141667 0.195833 0.141667 0.193750 0.143750 0.191667 0.143750 0.193750 0.143750 0.195833 0.141667 0.218750 0.141667 0.220833 0.139583 0.227083 0.139583 0.229167 0.141667 0.231250 0.141667 0.233333 0.143750 0.237500 0.143750 0.239583 0.141667 0.245833 0.141667 0.247917 0.139583 0.254167 0.139583 0.256250 0.137500 0.258333 0.139583 0.260417 0.137500 0.264583 0.137500 0.266667 0.139583 0.268750 0.137500 0.272917 0.137500 0.275000 0.135417 0.287500 0.135417 0.289583 0.133333 0.297917 0.133333 0.300000 0.131250 0.302083 0.131250 0.304167 0.133333 0.306250 0.131250 0.312500 0.131250 0.314583 0.129167 0.316667 0.129167 0.318750 0.127083 0.320833 0.127083 0.322917 0.125000 0.337500 0.125000 0.339583 0.122917 0.343750 0.122917 0.345833 0.125000 0.343750 0.122917 0.345833 0.120833 0.347917 0.120833 0.350000 0.122917 0.352083 0.120833 0.358333 0.120833 0.352083 0.120833 0.350000 0.122917 0.347917 0.120833
0 0.389583 0.114583 0.387500 0.116667 0.375000 0.116667 0.372917 0.118750 0.362500 0.118750 0.372917 0.118750 0.375000 0.116667 0.387500 0.116667 0.389583 0.114583 0.397917 0.114583
0 0.422917 0.102083 0.416667 0.108333 0.412500 0.108333 0.410417 0.110417 0.406250 0.110417 0.404167 0.112500 0.406250 0.110417 0.410417 0.110417 0.412500 0.108333 0.416667 0.108333
0 0.460417 0.093750 0.454167 0.100000 0.452083 0.100000 0.450000 0.102083 0.441667 0.102083 0.439583 0.104167 0.437500 0.102083 0.435417 0.104167 0.433333 0.104167 0.431250 0.102083 0.429167 0.102083 0.427083 0.104167 0.429167 0.102083 0.431250 0.102083 0.433333 0.104167 0.439583 0.104167 0.441667 0.102083 0.443750 0.102083 0.445833 0.104167 0.447917 0.102083 0.450000 0.102083 0.452083 0.100000 0.454167 0.100000 0.460417 0.093750 0.464583 0.097917 0.468750 0.097917 0.472917 0.093750 0.483333 0.093750 0.472917 0.093750 0.470833 0.095833 0.468750 0.095833 0.466667 0.097917 0.464583 0.097917
0 0.504167 0.083333 0.500000 0.087500 0.500000 0.089583 0.497917 0.091667 0.487500 0.091667 0.497917 0.091667 0.500000 0.089583 0.500000 0.087500 0.504167 0.083333 0.506250 0.083333
0 0.572917 0.047917 0.570833 0.050000 0.570833 0.054167 0.568750 0.056250 0.575000 0.062500 0.577083 0.062500 0.583333 0.068750 0.583333 0.072917 0.585417 0.075000 0.585417 0.079167 0.587500 0.081250 0.587500 0.085417 0.589583 0.087500 0.589583 0.091667 0.593750 0.095833 0.593750 0.110417 0.608333 0.125000 0.610417 0.125000 0.612500 0.127083 0.610417 0.125000 0.608333 0.125000 0.593750 0.110417 0.593750 0.093750 0.591667 0.093750 0.589583 0.091667 0.589583 0.087500 0.587500 0.085417 0.587500 0.081250 0.585417 0.079167 0.585417 0.075000 0.583333 0.072917 0.583333 0.068750 0.577083 0.062500 0.575000 0.062500 0.568750 0.056250 0.570833 0.054167 0.570833 0.050000
0 0.564583 0.025000 0.564583 0.029167 0.562500 0.031250 0.566667 0.035417 0.566667 0.037500 0.568750 0.039583 0.568750 0.041667 0.570833 0.043750 0.562500 0.052083 0.562500 0.054167 0.554167 0.062500 0.552083 0.062500 0.543750 0.070833 0.539583 0.070833 0.537500 0.072917 0.535417 0.072917 0.533333 0.075000 0.529167 0.075000 0.527083 0.077083 0.525000 0.077083 0.522917 0.079167 0.520833 0.079167 0.518750 0.077083 0.516667 0.079167 0.514583 0.079167 0.510417 0.083333 0.514583 0.079167 0.516667 0.079167 0.518750 0.077083 0.520833 0.079167 0.522917 0.079167 0.525000 0.077083 0.527083 0.077083 0.529167 0.075000 0.533333 0.075000 0.535417 0.072917 0.537500 0.072917 0.539583 0.070833 0.543750 0.070833 0.552083 0.062500 0.554167 0.062500 0.562500 0.054167 0.562500 0.052083 0.570833 0.043750 0.568750 0.041667 0.568750 0.039583 0.566667 0.037500 0.566667 0.035417 0.564583 0.033333