0 0.858333 0.177083 0.856250 0.179167 0.850000 0.179167 0.847917 0.181250 0.845833 0.181250 0.839583 0.187500 0.841667 0.185417 0.843750 0.185417 0.843750 0.183333 0.845833 0.181250 0.847917 0.181250 0.850000 0.179167 0.856250 0.179167 0.858333 0.177083 0.860417 0.177083 0.862500 0.179167 0.864583 0.179167 0.862500 0.179167 0.860417 0.177083
0 0.745833 0.172917 0.750000 0.172917 0.756250 0.179167 0.762500 0.179167 0.764583 0.181250 0.768750 0.181250 0.770833 0.183333 0.777083 0.183333 0.793750 0.200000 0.797917 0.200000 0.812500 0.214583 0.812500 0.216667 0.814583 0.216667 0.816667 0.218750 0.820833 0.218750 0.822917 0.220833 0.827083 0.220833 0.822917 0.220833 0.820833 0.218750 0.816667 0.218750 0.797917 0.200000 0.793750 0.200000 0.777083 0.183333 0.770833 0.183333 0.768750 0.181250 0.764583 0.181250 0.762500 0.179167 0.756250 0.179167 0.750000 0.172917
0 0.912500 0.160417 0.910417 0.162500 0.906250 0.162500 0.904167 0.164583 0.897917 0.164583 0.895833 0.166667 0.891667 0.166667 0.889583 0.168750 0.879167 0.168750 0.877083 0.170833 0.875000 0.170833 0.868750 0.177083 0.875000 0.170833 0.877083 0.170833 0.879167 0.168750 0.889583 0.168750 0.891667 0.166667 0.895833 0.166667 0.897917 0.164583 0.904167 0.164583 0.906250 0.162500 0.910417 0.162500 0.912500 0.160417 0.920833 0.160417
0 0.654167 0.133333 0.656250 0.135417 0.670833 0.135417 0.672917 0.137500 0.679167 0.137500 0.681250 0.139583 0.689583 0.139583 0.693750 0.143750 0.700000 0.143750 0.704167 0.147917 0.708333 0.147917 0.716667 0.156250 0.718750 0.156250 0.722917 0.160417 0.727083 0.160417 0.731250 0.164583 0.733333 0.164583 0.731250 0.164583 0.727083 0.160417 0.722917 0.160417 0.718750 0.156250 0.716667 0.156250 0.708333 0.147917 0.704167 0.147917 0.700000 0.143750 0.693750 0.143750 0.689583 0.139583 0.681250 0.139583 0.679167 0.137500 0.672917 0.137500 0.670833 0.135417 0.656250 0.135417
0 0.595833 0.122917 0.597917 0.125000 0.602083 0.125000 0.610417 0.133333 0.629167 0.133333 0.631250 0.135417 0.645833 0.135417 0.631250 0.135417 0.629167 0.133333 0.610417 0.133333 0.602083 0.125000 0.597917 0.125000
0 0.989583 0.120833 0.985417 0.125000 0.983333 0.125000 0.968750 0.139583 0.966667 0.139583 0.950000 0.156250 0.947917 0.156250 0.941667 0.162500 0.927083 0.162500 0.925000 0.160417 0.927083 0.162500 0.941667 0.162500 0.947917 0.156250 0.950000 0.156250 0.966667 0.139583 0.968750 0.139583 0.983333 0.125000 0.985417 0.125000
0 0.583333 0.112500 0.587500 0.112500 0.593750 0.118750 0.587500 0.112500
0 0.520833 0.106250 0.527083 0.106250 0.529167 0.108333 0.531250 0.108333 0.537500 0.114583 0.539583 0.114583 0.550000 0.125000 0.556250 0.125000 0.558333 0.122917 0.564583 0.122917 0.568750 0.118750 0.570833 0.118750 0.579167 0.110417 0.570833 0.118750 0.568750 0.118750 0.564583 0.122917 0.558333 0.122917 0.556250 0.125000 0.550000 0.125000 0.539583 0.114583 0.537500 0.114583 0.531250 0.108333 0.529167 0.108333 0.527083 0.106250
0 0.481250 0.081250 0.485417 0.081250 0.491667 0.087500 0.495833 0.087500 0.500000 0.091667 0.500000 0.093750 0.502083 0.093750 0.504167 0.095833 0.506250 0.095833 0.510417 0.100000 0.512500 0.100000 0.514583 0.102083 0.516667 0.102083 0.514583 0.102083 0.512500 0.100000 0.510417 0.100000 0.506250 0.095833 0.504167 0.095833 0.495833 0.087500 0.491667 0.087500 0.485417 0.081250
0 0.466667 0.072917 0.468750 0.075000 0.470833 0.075000 0.472917 0.077083 0.475000 0.077083 0.477083 0.079167 0.475000 0.077083 0.472917 0.077083 0.470833 0.075000 0.468750 0.075000
0 0.300000 0.041667 0.302083 0.043750 0.310417 0.043750 0.312500 0.045833 0.314583 0.045833 0.318750 0.050000 0.320833 0.050000 0.322917 0.052083 0.325000 0.050000 0.327083 0.052083 0.329167 0.052083 0.331250 0.050000 0.356250 0.050000 0.358333 0.052083 0.372917 0.052083 0.375000 0.050000 0.385417 0.050000 0.391667 0.056250 0.420833 0.056250 0.422917 0.054167 0.425000 0.056250 0.427083 0.056250 0.431250 0.060417 0.433333 0.060417 0.435417 0.062500 0.441667 0.062500 0.443750 0.064583 0.445833 0.064583 0.452083 0.070833 0.460417 0.070833 0.462500 0.072917 0.460417 0.070833 0.452083 0.070833 0.445833 0.064583 0.443750 0.064583 0.441667 0.062500 0.435417 0.062500 0.433333 0.060417 0.431250 0.060417 0.427083 0.056250 0.425000 0.056250 0.422917 0.054167 0.420833 0.056250 0.391667 0.056250 0.385417 0.050000 0.375000 0.050000 0.372917 0.052083 0.358333 0.052083 0.356250 0.050000 0.331250 0.050000 0.329167 0.052083 0.327083 0.052083 0.325000 0.050000 0.322917 0.052083 0.320833 0.050000 0.318750 0.050000 0.312500 0.043750 0.302083 0.043750
0 0.210417 0.010417 0.212500 0.012500 0.216667 0.012500 0.218750 0.014583 0.218750 0.016667 0.220833 0.016667 0.222917 0.018750 0.227083 0.018750 0.233333 0.025000 0.241667 0.025000 0.243750 0.027083 0.245833 0.027083 0.250000 0.031250 0.252083 0.031250 0.254167 0.033333 0.258333 0.033333 0.260417 0.035417 0.270833 0.035417 0.272917 0.037500 0.285417 0.037500 0.287500 0.039583 0.295833 0.039583 0.287500 0.039583 0.285417 0.037500 0.272917 0.037500 0.270833 0.035417 0.260417 0.035417 0.258333 0.033333 0.254167 0.033333 0.252083 0.031250 0.250000 0.031250 0.245833 0.027083 0.243750 0.027083 0.241667 0.025000 0.233333 0.025000 0.227083 0.018750 0.222917 0.018750 0.216667 0.012500 0.212500 0.012500