0 0.081250 0.650000 0.075000 0.656250 0.072917 0.656250 0.062500 0.666667 0.062500 0.668750 0.043750 0.687500 0.041667 0.687500 0.031250 0.697917 0.031250 0.700000 0.018750 0.712500 0.031250 0.700000 0.031250 0.697917 0.041667 0.687500 0.043750 0.687500 0.062500 0.668750 0.062500 0.666667 0.072917 0.656250 0.075000 0.656250
0 0.181250 0.547917 0.166667 0.562500 0.164583 0.562500 0.156250 0.570833 0.156250 0.572917 0.125000 0.604167 0.125000 0.606250 0.106250 0.625000 0.104167 0.625000 0.093750 0.635417 0.093750 0.637500 0.085417 0.645833 0.093750 0.637500 0.093750 0.635417 0.104167 0.625000 0.106250 0.625000 0.125000 0.606250 0.125000 0.604167 0.156250 0.572917 0.156250 0.570833 0.164583 0.562500 0.166667 0.562500
0 0.197917 0.520833 0.185417 0.533333 0.187500 0.535417 0.187500 0.537500 0.185417 0.539583 0.185417 0.543750 0.185417 0.539583 0.187500 0.537500 0.187500 0.535417 0.185417 0.533333
0 0.281250 0.416667 0.281250 0.418750 0.262500 0.437500 0.260417 0.437500 0.256250 0.441667 0.256250 0.443750 0.250000 0.450000 0.250000 0.452083 0.239583 0.462500 0.239583 0.466667 0.237500 0.468750 0.235417 0.468750 0.235417 0.472917 0.231250 0.477083 0.231250 0.479167 0.222917 0.487500 0.222917 0.489583 0.218750 0.493750 0.218750 0.495833 0.214583 0.500000 0.214583 0.502083 0.202083 0.514583 0.202083 0.516667 0.202083 0.514583 0.214583 0.502083 0.214583 0.500000 0.218750 0.495833 0.218750 0.493750 0.222917 0.489583 0.222917 0.487500 0.231250 0.479167 0.231250 0.477083 0.235417 0.472917 0.235417 0.470833 0.239583 0.466667 0.239583 0.462500 0.250000 0.452083 0.250000 0.450000 0.256250 0.443750 0.256250 0.441667 0.260417 0.437500 0.262500 0.437500 0.281250 0.418750 0.289583 0.418750 0.283333 0.418750
0 0.450000 0.295833 0.447917 0.297917 0.445833 0.297917 0.437500 0.306250 0.437500 0.308333 0.433333 0.312500 0.431250 0.312500 0.412500 0.331250 0.412500 0.339583 0.414583 0.341667 0.410417 0.345833 0.410417 0.350000 0.406250 0.354167 0.406250 0.358333 0.404167 0.360417 0.404167 0.362500 0.400000 0.366667 0.400000 0.368750 0.381250 0.387500 0.381250 0.389583 0.379167 0.391667 0.379167 0.393750 0.377083 0.395833 0.377083 0.400000 0.375000 0.402083 0.375000 0.404167 0.372917 0.406250 0.372917 0.408333 0.368750 0.412500 0.358333 0.412500 0.352083 0.418750 0.350000 0.418750 0.347917 0.420833 0.345833 0.420833 0.341667 0.425000 0.337500 0.425000 0.333333 0.420833 0.329167 0.420833 0.327083 0.418750 0.318750 0.418750 0.314583 0.422917 0.302083 0.422917 0.310417 0.422917 0.312500 0.425000 0.318750 0.418750 0.327083 0.418750 0.329167 0.420833 0.333333 0.420833 0.337500 0.425000 0.343750 0.425000 0.343750 0.422917 0.345833 0.420833 0.347917 0.420833 0.350000 0.418750 0.352083 0.418750 0.358333 0.412500 0.368750 0.412500 0.375000 0.406250 0.375000 0.402083 0.377083 0.400000 0.377083 0.395833 0.379167 0.393750 0.379167 0.391667 0.381250 0.389583 0.381250 0.387500 0.400000 0.368750 0.400000 0.366667 0.404167 0.362500 0.404167 0.360417 0.406250 0.358333 0.406250 0.354167 0.410417 0.350000 0.410417 0.345833 0.414583 0.341667 0.412500 0.339583 0.412500 0.331250 0.431250 0.312500 0.433333 0.312500 0.437500 0.308333 0.437500 0.306250 0.445833 0.297917 0.447917 0.297917 0.450000 0.295833 0.454167 0.295833
0 0.481250 0.270833 0.470833 0.281250 0.468750 0.281250 0.468750 0.283333
0 0.514583 0.243750 0.508333 0.250000 0.506250 0.250000 0.487500 0.268750 0.485417 0.268750 0.487500 0.268750 0.497917 0.258333 0.500000 0.258333 0.500000 0.256250 0.506250 0.250000 0.508333 0.250000 0.514583 0.243750 0.529167 0.243750 0.531250 0.245833 0.539583 0.245833 0.531250 0.245833 0.529167 0.243750
0 0.881250 0.068750 0.879167 0.070833 0.875000 0.070833 0.875000 0.072917 0.866667 0.081250 0.864583 0.081250 0.852083 0.093750 0.850000 0.093750 0.843750 0.100000 0.843750 0.102083 0.829167 0.116667 0.822917 0.116667 0.816667 0.122917 0.812500 0.122917 0.768750 0.166667 0.766667 0.166667 0.758333 0.175000 0.754167 0.175000 0.752083 0.172917 0.750000 0.172917 0.747917 0.175000 0.741667 0.175000 0.735417 0.181250 0.733333 0.181250 0.731250 0.179167 0.722917 0.187500 0.720833 0.187500 0.718750 0.189583 0.718750 0.191667 0.700000 0.210417 0.693750 0.210417 0.691667 0.212500 0.689583 0.210417 0.689583 0.212500 0.687500 0.214583 0.685417 0.214583 0.683333 0.212500 0.681250 0.214583 0.679167 0.214583 0.677083 0.216667 0.672917 0.216667 0.670833 0.218750 0.668750 0.216667 0.658333 0.216667 0.656250 0.218750 0.641667 0.218750 0.639583 0.220833 0.631250 0.220833 0.629167 0.222917 0.618750 0.222917 0.616667 0.225000 0.614583 0.225000 0.612500 0.227083 0.610417 0.227083 0.606250 0.231250 0.602083 0.231250 0.600000 0.233333 0.597917 0.233333 0.595833 0.235417 0.593750 0.235417 0.591667 0.237500 0.575000 0.237500 0.572917 0.239583 0.564583 0.239583 0.560417 0.243750 0.558333 0.243750 0.552083 0.250000 0.550000 0.247917 0.543750 0.247917 0.550000 0.247917 0.552083 0.250000 0.558333 0.243750 0.560417 0.243750 0.564583 0.239583 0.572917 0.239583 0.575000 0.237500 0.591667 0.237500 0.593750 0.235417 0.595833 0.235417 0.597917 0.233333 0.600000 0.233333 0.602083 0.231250 0.606250 0.231250 0.610417 0.227083 0.612500 0.227083 0.614583 0.225000 0.616667 0.225000 0.618750 0.222917 0.629167 0.222917 0.631250 0.220833 0.639583 0.220833 0.641667 0.218750 0.656250 0.218750 0.658333 0.216667 0.668750 0.216667 0.670833 0.218750 0.672917 0.216667 0.677083 0.216667 0.679167 0.214583 0.681250 0.214583 0.683333 0.212500 0.687500 0.216667 0.687500 0.214583 0.689583 0.212500 0.691667 0.212500 0.693750 0.210417 0.700000 0.210417 0.718750 0.191667 0.718750 0.189583 0.720833 0.187500 0.722917 0.187500 0.731250 0.179167 0.733333 0.181250 0.735417 0.181250 0.741667 0.175000 0.750000 0.175000 0.752083 0.172917 0.754167 0.175000 0.758333 0.175000 0.766667 0.166667 0.768750 0.166667 0.779167 0.156250 0.781250 0.156250 0.781250 0.154167 0.810417 0.125000 0.812500 0.125000 0.814583 0.122917 0.816667 0.122917 0.822917 0.116667 0.829167 0.116667 0.843750 0.102083 0.843750 0.100000 0.850000 0.093750 0.852083 0.093750 0.864583 0.081250 0.866667 0.081250 0.877083 0.070833 0.879167 0.070833 0.881250 0.068750 0.883333 0.068750
0 0.918750 0.039583 0.908333 0.050000 0.906250 0.050000 0.906250 0.052083 0.897917 0.060417 0.895833 0.060417 0.893750 0.062500 0.889583 0.062500 0.887500 0.064583 0.889583 0.062500 0.893750 0.062500 0.895833 0.060417 0.897917 0.060417 0.918750 0.039583 0.920833 0.041667
0 0.937500 0.033333 0.935417 0.035417 0.929167 0.035417 0.925000 0.039583 0.929167 0.035417 0.935417 0.035417
0 0.958333 0.014583 0.941667 0.031250 0.958333 0.014583 0.960417 0.014583