0 0.156250 0.981250 0.156250 0.987500 0.154167 0.989583 0.154167 0.991667 0.154167 0.989583 0.156250 0.987500
0 0.166667 0.885417 0.166667 0.887500 0.164583 0.889583 0.164583 0.912500 0.168750 0.916667 0.168750 0.937500 0.164583 0.941667 0.164583 0.950000 0.162500 0.952083 0.162500 0.958333 0.160417 0.960417 0.160417 0.964583 0.158333 0.966667 0.158333 0.975000 0.156250 0.977083 0.158333 0.975000 0.158333 0.966667 0.160417 0.964583 0.160417 0.960417 0.162500 0.958333 0.162500 0.952083 0.164583 0.950000 0.164583 0.941667 0.168750 0.937500 0.168750 0.916667 0.164583 0.912500 0.164583 0.889583 0.166667 0.887500
0 0.210417 0.783333 0.208333 0.785417 0.208333 0.787500 0.206250 0.789583 0.206250 0.800000 0.202083 0.804167 0.202083 0.808333 0.197917 0.812500 0.197917 0.816667 0.200000 0.818750 0.197917 0.820833 0.200000 0.822917 0.200000 0.833333 0.195833 0.837500 0.195833 0.839583 0.200000 0.843750 0.200000 0.850000 0.195833 0.854167 0.195833 0.860417 0.193750 0.862500 0.191667 0.862500 0.185417 0.868750 0.179167 0.868750 0.175000 0.872917 0.170833 0.872917 0.168750 0.875000 0.166667 0.875000 0.168750 0.877083 0.168750 0.879167 0.166667 0.881250 0.168750 0.879167 0.168750 0.875000 0.170833 0.872917 0.175000 0.872917 0.179167 0.868750 0.187500 0.868750 0.187500 0.866667 0.191667 0.862500 0.195833 0.862500 0.197917 0.860417 0.195833 0.858333 0.195833 0.854167 0.200000 0.850000 0.200000 0.843750 0.195833 0.839583 0.195833 0.837500 0.200000 0.833333 0.200000 0.822917 0.197917 0.820833 0.200000 0.818750 0.197917 0.816667 0.202083 0.812500 0.200000 0.810417 0.202083 0.808333 0.202083 0.804167 0.206250 0.800000 0.206250 0.789583 0.208333 0.787500 0.208333 0.785417
0 0.231250 0.745833 0.231250 0.752083 0.225000 0.758333 0.225000 0.762500 0.222917 0.764583 0.222917 0.766667 0.220833 0.768750 0.220833 0.770833 0.218750 0.772917 0.218750 0.775000 0.218750 0.772917 0.220833 0.770833 0.220833 0.768750 0.222917 0.766667 0.222917 0.764583 0.225000 0.762500 0.225000 0.758333 0.231250 0.752083
0 0.258333 0.631250 0.258333 0.633333 0.256250 0.635417 0.256250 0.641667 0.258333 0.643750 0.258333 0.650000 0.260417 0.652083 0.260417 0.654167 0.256250 0.658333 0.256250 0.660417 0.254167 0.662500 0.254167 0.668750 0.252083 0.670833 0.252083 0.675000 0.250000 0.677083 0.250000 0.689583 0.247917 0.691667 0.247917 0.702083 0.243750 0.706250 0.243750 0.712500 0.239583 0.716667 0.239583 0.727083 0.233333 0.733333 0.239583 0.727083 0.239583 0.720833 0.241667 0.718750 0.241667 0.714583 0.243750 0.712500 0.243750 0.706250 0.247917 0.702083 0.247917 0.691667 0.250000 0.689583 0.250000 0.677083 0.252083 0.675000 0.252083 0.670833 0.254167 0.668750 0.254167 0.662500 0.256250 0.660417 0.256250 0.658333 0.260417 0.654167 0.260417 0.652083 0.258333 0.650000 0.258333 0.643750 0.256250 0.641667 0.256250 0.639583 0.258333 0.637500
0 0.270833 0.612500 0.264583 0.618750 0.264583 0.620833 0.262500 0.622917 0.262500 0.625000 0.260417 0.627083 0.262500 0.625000 0.262500 0.622917 0.264583 0.620833 0.264583 0.618750
0 0.279167 0.560417 0.279167 0.562500 0.277083 0.564583 0.277083 0.566667 0.279167 0.568750 0.279167 0.595833 0.268750 0.606250 0.270833 0.608333 0.268750 0.606250 0.279167 0.595833
0 0.291667 0.512500 0.291667 0.516667 0.289583 0.518750 0.289583 0.520833 0.287500 0.522917 0.287500 0.529167 0.285417 0.531250 0.285417 0.537500 0.283333 0.539583 0.283333 0.543750 0.281250 0.545833 0.281250 0.556250 0.281250 0.545833 0.283333 0.543750 0.283333 0.539583 0.285417 0.537500 0.285417 0.531250 0.287500 0.529167 0.287500 0.522917 0.289583 0.520833 0.289583 0.518750 0.291667 0.516667
0 0.312500 0.447917 0.310417 0.450000 0.310417 0.456250 0.312500 0.458333 0.312500 0.462500 0.310417 0.464583 0.310417 0.466667 0.308333 0.468750 0.308333 0.470833 0.306250 0.472917 0.306250 0.481250 0.304167 0.483333 0.304167 0.485417 0.302083 0.487500 0.302083 0.489583 0.300000 0.491667 0.300000 0.495833 0.297917 0.497917 0.295833 0.497917 0.295833 0.500000 0.293750 0.502083 0.293750 0.508333 0.293750 0.502083 0.300000 0.495833 0.300000 0.491667 0.302083 0.489583 0.302083 0.487500 0.304167 0.485417 0.304167 0.483333 0.306250 0.481250 0.306250 0.472917 0.308333 0.470833 0.308333 0.468750 0.310417 0.466667 0.310417 0.464583 0.312500 0.462500 0.312500 0.458333 0.310417 0.456250 0.310417 0.450000
0 0.331250 0.368750 0.331250 0.370833 0.325000 0.377083 0.325000 0.379167 0.320833 0.383333 0.320833 0.387500 0.318750 0.389583 0.316667 0.389583 0.316667 0.391667 0.318750 0.393750 0.318750 0.395833 0.316667 0.397917 0.316667 0.404167 0.312500 0.408333 0.312500 0.414583 0.310417 0.416667 0.310417 0.435417 0.308333 0.437500 0.306250 0.437500 0.308333 0.437500 0.312500 0.441667 0.312500 0.443750 0.312500 0.439583 0.310417 0.437500 0.310417 0.416667 0.312500 0.414583 0.312500 0.408333 0.316667 0.404167 0.316667 0.397917 0.318750 0.395833 0.318750 0.389583 0.320833 0.387500 0.320833 0.383333 0.325000 0.379167 0.325000 0.377083 0.331250 0.370833
0 0.418750 0.091667 0.416667 0.093750 0.416667 0.100000 0.414583 0.102083 0.414583 0.106250 0.412500 0.108333 0.412500 0.114583 0.410417 0.116667 0.410417 0.131250 0.406250 0.135417 0.406250 0.143750 0.400000 0.150000 0.400000 0.158333 0.395833 0.162500 0.395833 0.164583 0.393750 0.166667 0.391667 0.166667 0.393750 0.168750 0.393750 0.175000 0.389583 0.179167 0.389583 0.183333 0.383333 0.189583 0.383333 0.193750 0.381250 0.195833 0.381250 0.200000 0.379167 0.202083 0.379167 0.210417 0.377083 0.212500 0.377083 0.231250 0.375000 0.233333 0.375000 0.254167 0.372917 0.256250 0.375000 0.258333 0.375000 0.262500 0.372917 0.264583 0.372917 0.266667 0.370833 0.268750 0.370833 0.270833 0.368750 0.272917 0.366667 0.272917 0.358333 0.281250 0.356250 0.281250 0.352083 0.285417 0.352083 0.289583 0.343750 0.297917 0.343750 0.304167 0.350000 0.310417 0.350000 0.325000 0.347917 0.327083 0.347917 0.339583 0.331250 0.356250 0.331250 0.364583 0.331250 0.356250 0.343750 0.343750 0.345833 0.343750 0.347917 0.341667 0.347917 0.327083 0.350000 0.325000 0.350000 0.310417 0.343750 0.304167 0.343750 0.297917 0.352083 0.289583 0.352083 0.285417 0.356250 0.281250 0.358333 0.281250 0.364583 0.275000 0.366667 0.277083 0.368750 0.275000 0.368750 0.272917 0.370833 0.270833 0.370833 0.268750 0.372917 0.266667 0.372917 0.264583 0.375000 0.262500 0.375000 0.258333 0.372917 0.256250 0.375000 0.254167 0.375000 0.233333 0.377083 0.231250 0.377083 0.212500 0.379167 0.210417 0.379167 0.202083 0.381250 0.200000 0.381250 0.195833 0.383333 0.193750 0.383333 0.189583 0.389583 0.183333 0.389583 0.179167 0.393750 0.175000 0.393750 0.166667 0.395833 0.164583 0.395833 0.162500 0.400000 0.158333 0.400000 0.150000 0.406250 0.143750 0.406250 0.135417 0.410417 0.131250 0.410417 0.116667 0.412500 0.114583 0.412500 0.108333 0.414583 0.106250 0.414583 0.102083 0.416667 0.100000 0.416667 0.093750
0 0.431250 0.006250 0.431250 0.029167 0.429167 0.031250 0.429167 0.035417 0.427083 0.037500 0.427083 0.054167 0.425000 0.056250 0.425000 0.081250 0.420833 0.085417 0.420833 0.087500 0.420833 0.085417 0.422917 0.083333 0.425000 0.083333 0.425000 0.056250 0.427083 0.054167 0.427083 0.041667 0.429167 0.039583 0.429167 0.031250 0.431250 0.029167