0 0.514583 0.604167 0.512500 0.606250 0.506250 0.606250 0.512500 0.606250
0 0.827083 0.600000 0.825000 0.602083 0.822917 0.602083 0.820833 0.604167 0.818750 0.604167 0.816667 0.602083 0.814583 0.602083 0.812500 0.604167 0.804167 0.604167 0.802083 0.606250 0.797917 0.606250 0.795833 0.608333 0.789583 0.608333 0.787500 0.610417 0.775000 0.610417 0.772917 0.608333 0.768750 0.608333 0.772917 0.608333 0.775000 0.610417 0.787500 0.610417 0.789583 0.608333 0.795833 0.608333 0.797917 0.606250 0.802083 0.606250 0.804167 0.604167 0.812500 0.604167 0.814583 0.602083 0.816667 0.602083 0.818750 0.604167 0.820833 0.604167 0.822917 0.602083 0.825000 0.602083
0 0.731250 0.595833 0.735417 0.595833 0.743750 0.604167 0.750000 0.604167 0.752083 0.602083 0.756250 0.602083 0.760417 0.606250 0.764583 0.606250 0.760417 0.606250 0.756250 0.602083 0.750000 0.602083 0.747917 0.604167 0.743750 0.604167 0.735417 0.595833
0 0.537500 0.593750 0.535417 0.595833 0.533333 0.595833 0.529167 0.600000 0.525000 0.600000 0.522917 0.602083 0.518750 0.602083 0.522917 0.602083 0.525000 0.600000 0.529167 0.600000 0.533333 0.595833 0.535417 0.595833 0.537500 0.593750 0.541667 0.593750 0.547917 0.600000 0.550000 0.600000 0.552083 0.602083 0.556250 0.602083 0.560417 0.606250 0.566667 0.606250 0.570833 0.602083 0.575000 0.602083 0.577083 0.600000 0.579167 0.600000 0.581250 0.597917 0.587500 0.597917 0.581250 0.597917 0.579167 0.600000 0.577083 0.600000 0.575000 0.602083 0.570833 0.602083 0.566667 0.606250 0.560417 0.606250 0.556250 0.602083 0.552083 0.602083 0.550000 0.600000 0.547917 0.600000 0.541667 0.593750
0 0.652083 0.585417 0.645833 0.591667 0.643750 0.589583 0.635417 0.589583 0.631250 0.593750 0.629167 0.593750 0.627083 0.591667 0.612500 0.591667 0.610417 0.593750 0.608333 0.593750 0.606250 0.591667 0.604167 0.593750 0.597917 0.593750 0.595833 0.595833 0.593750 0.595833 0.591667 0.597917 0.593750 0.595833 0.595833 0.595833 0.597917 0.593750 0.604167 0.593750 0.606250 0.591667 0.608333 0.593750 0.610417 0.593750 0.612500 0.591667 0.627083 0.591667 0.629167 0.593750 0.631250 0.593750 0.635417 0.589583 0.643750 0.589583 0.645833 0.591667 0.652083 0.585417 0.658333 0.585417 0.660417 0.587500 0.664583 0.587500 0.666667 0.589583 0.668750 0.589583 0.670833 0.591667 0.672917 0.591667 0.675000 0.593750 0.679167 0.593750 0.681250 0.595833 0.685417 0.595833 0.689583 0.600000 0.693750 0.600000 0.695833 0.602083 0.706250 0.602083 0.708333 0.600000 0.712500 0.600000 0.714583 0.597917 0.720833 0.597917 0.722917 0.595833 0.727083 0.595833 0.722917 0.595833 0.720833 0.597917 0.714583 0.597917 0.712500 0.600000 0.708333 0.600000 0.706250 0.602083 0.695833 0.602083 0.693750 0.600000 0.689583 0.600000 0.685417 0.595833 0.681250 0.595833 0.679167 0.593750 0.675000 0.593750 0.672917 0.591667 0.670833 0.591667 0.668750 0.589583 0.666667 0.589583 0.664583 0.587500 0.660417 0.587500 0.658333 0.585417
0 0.927083 0.581250 0.925000 0.583333 0.922917 0.583333 0.918750 0.587500 0.916667 0.587500 0.912500 0.591667 0.910417 0.591667 0.908333 0.593750 0.904167 0.593750 0.902083 0.591667 0.897917 0.591667 0.895833 0.593750 0.893750 0.593750 0.891667 0.591667 0.889583 0.591667 0.887500 0.589583 0.881250 0.589583 0.879167 0.591667 0.875000 0.591667 0.872917 0.593750 0.868750 0.593750 0.866667 0.595833 0.864583 0.593750 0.860417 0.593750 0.854167 0.600000 0.852083 0.597917 0.845833 0.597917 0.841667 0.602083 0.831250 0.602083 0.841667 0.602083 0.845833 0.597917 0.852083 0.597917 0.854167 0.600000 0.860417 0.593750 0.864583 0.593750 0.866667 0.595833 0.868750 0.593750 0.875000 0.593750 0.877083 0.591667 0.879167 0.591667 0.881250 0.589583 0.887500 0.589583 0.889583 0.591667 0.891667 0.591667 0.893750 0.593750 0.895833 0.593750 0.897917 0.591667 0.902083 0.591667 0.904167 0.593750 0.908333 0.593750 0.910417 0.591667 0.912500 0.591667 0.916667 0.587500 0.918750 0.587500 0.922917 0.583333 0.925000 0.583333 0.927083 0.581250 0.941667 0.581250
0 0.950000 0.579167 0.947917 0.581250 0.945833 0.581250 0.947917 0.581250 0.950000 0.579167 0.966667 0.579167 0.968750 0.581250 0.968750 0.583333 0.970833 0.585417 0.972917 0.585417 0.975000 0.583333 0.981250 0.583333 0.983333 0.581250 0.985417 0.581250 0.987500 0.579167 0.985417 0.581250 0.983333 0.581250 0.981250 0.583333 0.975000 0.583333 0.972917 0.585417 0.970833 0.585417 0.968750 0.583333 0.968750 0.581250 0.966667 0.579167
0 0.312500 0.575000 0.310417 0.577083 0.308333 0.577083 0.312500 0.577083 0.314583 0.575000 0.316667 0.577083 0.325000 0.577083 0.329167 0.581250 0.333333 0.581250 0.335417 0.579167 0.337500 0.579167 0.339583 0.581250 0.341667 0.581250 0.347917 0.587500 0.354167 0.587500 0.360417 0.593750 0.364583 0.593750 0.368750 0.597917 0.377083 0.597917 0.379167 0.600000 0.383333 0.600000 0.385417 0.597917 0.387500 0.597917 0.389583 0.600000 0.400000 0.600000 0.404167 0.595833 0.408333 0.600000 0.418750 0.600000 0.420833 0.602083 0.429167 0.602083 0.431250 0.600000 0.443750 0.600000 0.445833 0.597917 0.454167 0.597917 0.456250 0.600000 0.458333 0.600000 0.460417 0.602083 0.462500 0.602083 0.464583 0.604167 0.466667 0.604167 0.470833 0.608333 0.479167 0.608333 0.481250 0.606250 0.483333 0.608333 0.487500 0.608333 0.489583 0.610417 0.491667 0.610417 0.493750 0.612500 0.491667 0.610417 0.489583 0.610417 0.487500 0.608333 0.483333 0.608333 0.481250 0.606250 0.479167 0.608333 0.470833 0.608333 0.466667 0.604167 0.464583 0.604167 0.462500 0.602083 0.460417 0.602083 0.458333 0.600000 0.456250 0.600000 0.454167 0.597917 0.445833 0.597917 0.443750 0.600000 0.431250 0.600000 0.429167 0.602083 0.420833 0.602083 0.418750 0.600000 0.408333 0.600000 0.404167 0.595833 0.400000 0.600000 0.389583 0.600000 0.387500 0.597917 0.385417 0.597917 0.383333 0.600000 0.379167 0.600000 0.377083 0.597917 0.368750 0.597917 0.364583 0.593750 0.360417 0.593750 0.354167 0.587500 0.347917 0.587500 0.343750 0.583333 0.343750 0.581250 0.339583 0.581250 0.337500 0.579167 0.335417 0.579167 0.333333 0.581250 0.329167 0.581250 0.325000 0.577083 0.316667 0.577083 0.314583 0.575000
0 0.281250 0.570833 0.285417 0.575000 0.287500 0.575000 0.289583 0.577083 0.293750 0.577083 0.295833 0.575000 0.293750 0.577083 0.289583 0.577083 0.287500 0.575000 0.285417 0.575000
0 0.237500 0.518750 0.247917 0.518750 0.250000 0.520833 0.252083 0.520833 0.254167 0.522917 0.260417 0.522917 0.262500 0.525000 0.260417 0.522917 0.254167 0.522917 0.252083 0.520833 0.250000 0.520833 0.247917 0.518750
0 0.000000 0.462500 0.006250 0.468750 0.033333 0.468750 0.054167 0.489583 0.056250 0.489583 0.058333 0.491667 0.060417 0.491667 0.062500 0.493750 0.064583 0.493750 0.068750 0.497917 0.070833 0.497917 0.072917 0.500000 0.083333 0.500000 0.085417 0.502083 0.087500 0.502083 0.095833 0.510417 0.097917 0.510417 0.100000 0.512500 0.106250 0.512500 0.108333 0.510417 0.114583 0.510417 0.116667 0.508333 0.122917 0.508333 0.129167 0.502083 0.131250 0.502083 0.135417 0.506250 0.141667 0.506250 0.143750 0.504167 0.156250 0.504167 0.158333 0.506250 0.162500 0.502083 0.166667 0.502083 0.168750 0.500000 0.170833 0.500000 0.175000 0.495833 0.179167 0.500000 0.187500 0.500000 0.191667 0.504167 0.200000 0.504167 0.204167 0.508333 0.208333 0.508333 0.212500 0.512500 0.216667 0.512500 0.218750 0.514583 0.231250 0.514583 0.233333 0.516667 0.231250 0.514583 0.218750 0.514583 0.216667 0.512500 0.212500 0.512500 0.208333 0.508333 0.204167 0.508333 0.200000 0.504167 0.191667 0.504167 0.187500 0.500000 0.179167 0.500000 0.175000 0.495833 0.170833 0.500000 0.168750 0.500000 0.166667 0.502083 0.162500 0.502083 0.158333 0.506250 0.156250 0.504167 0.143750 0.504167 0.141667 0.506250 0.135417 0.506250 0.131250 0.502083 0.129167 0.502083 0.122917 0.508333 0.116667 0.508333 0.114583 0.510417 0.108333 0.510417 0.106250 0.512500 0.100000 0.512500 0.097917 0.510417 0.095833 0.510417 0.087500 0.502083 0.085417 0.502083 0.083333 0.500000 0.072917 0.500000 0.070833 0.497917 0.068750 0.497917 0.064583 0.493750 0.062500 0.493750 0.060417 0.491667 0.058333 0.491667 0.056250 0.489583 0.054167 0.489583 0.033333 0.468750 0.006250 0.468750