0 0.745833 0.775000 0.745833 0.777083 0.743750 0.779167 0.743750 0.785417 0.741667 0.787500 0.741667 0.795833 0.743750 0.797917 0.743750 0.820833 0.745833 0.822917 0.745833 0.831250 0.747917 0.833333 0.747917 0.837500 0.750000 0.839583 0.750000 0.843750 0.752083 0.845833 0.752083 0.847917 0.756250 0.852083 0.756250 0.854167 0.758333 0.856250 0.758333 0.858333 0.762500 0.862500 0.762500 0.870833 0.764583 0.872917 0.764583 0.875000 0.766667 0.877083 0.766667 0.881250 0.768750 0.883333 0.768750 0.891667 0.770833 0.893750 0.770833 0.908333 0.772917 0.910417 0.772917 0.922917 0.770833 0.925000 0.770833 0.929167 0.772917 0.931250 0.772917 0.943750 0.775000 0.945833 0.775000 0.950000 0.777083 0.952083 0.777083 0.981250 0.775000 0.983333 0.775000 0.989583 0.772917 0.991667 0.775000 0.989583 0.775000 0.983333 0.777083 0.981250 0.777083 0.952083 0.775000 0.950000 0.775000 0.945833 0.772917 0.943750 0.772917 0.931250 0.770833 0.929167 0.770833 0.925000 0.772917 0.922917 0.772917 0.910417 0.770833 0.908333 0.770833 0.893750 0.768750 0.891667 0.768750 0.883333 0.766667 0.881250 0.766667 0.877083 0.764583 0.875000 0.764583 0.872917 0.762500 0.870833 0.762500 0.862500 0.758333 0.858333 0.758333 0.856250 0.756250 0.854167 0.756250 0.852083 0.752083 0.847917 0.752083 0.843750 0.750000 0.841667 0.750000 0.839583 0.747917 0.837500 0.747917 0.833333 0.745833 0.831250 0.745833 0.822917 0.743750 0.820833 0.743750 0.797917 0.741667 0.795833 0.741667 0.787500 0.743750 0.785417 0.743750 0.779167 0.745833 0.777083
0 0.756250 0.718750 0.750000 0.725000 0.750000 0.727083 0.750000 0.725000 0.756250 0.718750 0.758333 0.718750
0 0.777083 0.566667 0.777083 0.575000 0.779167 0.577083 0.779167 0.579167 0.781250 0.581250 0.781250 0.589583 0.777083 0.593750 0.777083 0.606250 0.775000 0.608333 0.775000 0.612500 0.772917 0.614583 0.772917 0.627083 0.768750 0.631250 0.768750 0.637500 0.766667 0.639583 0.766667 0.645833 0.764583 0.647917 0.764583 0.685417 0.766667 0.687500 0.766667 0.700000 0.768750 0.702083 0.768750 0.708333 0.764583 0.712500 0.768750 0.708333 0.768750 0.702083 0.766667 0.700000 0.766667 0.687500 0.764583 0.685417 0.764583 0.647917 0.766667 0.645833 0.766667 0.639583 0.768750 0.637500 0.768750 0.631250 0.772917 0.627083 0.772917 0.614583 0.775000 0.612500 0.775000 0.608333 0.777083 0.606250 0.777083 0.593750 0.781250 0.589583 0.781250 0.581250 0.779167 0.579167 0.779167 0.577083 0.777083 0.575000
0 0.795833 0.470833 0.787500 0.479167 0.787500 0.497917 0.785417 0.500000 0.785417 0.504167 0.787500 0.506250 0.787500 0.518750 0.785417 0.520833 0.785417 0.522917 0.783333 0.525000 0.783333 0.529167 0.781250 0.531250 0.781250 0.560417 0.779167 0.562500 0.781250 0.560417 0.781250 0.531250 0.783333 0.529167 0.783333 0.525000 0.785417 0.522917 0.785417 0.520833 0.787500 0.518750 0.787500 0.506250 0.785417 0.504167 0.785417 0.500000 0.787500 0.497917 0.787500 0.479167
0 0.810417 0.400000 0.810417 0.404167 0.806250 0.408333 0.806250 0.416667 0.802083 0.420833 0.802083 0.435417 0.804167 0.437500 0.804167 0.450000 0.802083 0.452083 0.802083 0.466667 0.800000 0.468750 0.802083 0.466667 0.802083 0.452083 0.804167 0.450000 0.804167 0.437500 0.802083 0.435417 0.802083 0.420833 0.806250 0.416667 0.806250 0.408333 0.810417 0.404167
0 0.814583 0.364583 0.814583 0.377083 0.812500 0.379167 0.812500 0.395833 0.812500 0.379167 0.814583 0.377083
0 0.825000 0.331250 0.825000 0.343750 0.822917 0.345833 0.822917 0.356250 0.818750 0.360417 0.822917 0.356250 0.822917 0.345833 0.825000 0.343750
0 0.987500 0.312500 0.989583 0.312500 0.991667 0.314583 0.989583 0.312500
0 0.841667 0.302083 0.841667 0.306250 0.833333 0.314583 0.831250 0.312500 0.831250 0.314583 0.833333 0.316667 0.831250 0.318750 0.831250 0.320833 0.827083 0.325000 0.827083 0.327083 0.827083 0.325000 0.831250 0.320833 0.831250 0.318750 0.833333 0.316667 0.833333 0.314583 0.841667 0.306250
0 0.958333 0.281250 0.968750 0.291667 0.968750 0.293750 0.968750 0.291667
0 0.854167 0.260417 0.854167 0.262500 0.852083 0.264583 0.852083 0.266667 0.850000 0.268750 0.850000 0.275000 0.847917 0.277083 0.847917 0.279167 0.845833 0.281250 0.843750 0.281250 0.843750 0.297917 0.843750 0.283333 0.847917 0.279167 0.847917 0.277083 0.850000 0.275000 0.850000 0.268750 0.852083 0.266667 0.852083 0.264583 0.854167 0.262500
0 0.927083 0.250000 0.937500 0.260417 0.937500 0.262500 0.947917 0.272917 0.937500 0.262500 0.937500 0.260417
0 0.887500 0.231250 0.891667 0.235417 0.897917 0.235417 0.900000 0.237500 0.908333 0.237500 0.914583 0.243750 0.916667 0.243750 0.918750 0.245833 0.920833 0.245833 0.922917 0.247917 0.920833 0.245833 0.918750 0.245833 0.916667 0.243750 0.914583 0.243750 0.908333 0.237500 0.900000 0.237500 0.897917 0.235417 0.891667 0.235417
0 0.750000 0.164583 0.760417 0.175000 0.762500 0.172917 0.777083 0.187500 0.781250 0.187500 0.785417 0.191667 0.789583 0.191667 0.791667 0.193750 0.793750 0.193750 0.800000 0.200000 0.802083 0.200000 0.808333 0.206250 0.810417 0.206250 0.812500 0.208333 0.812500 0.210417 0.820833 0.218750 0.827083 0.218750 0.831250 0.222917 0.833333 0.222917 0.835417 0.225000 0.837500 0.225000 0.839583 0.227083 0.850000 0.227083 0.852083 0.229167 0.854167 0.229167 0.858333 0.233333 0.858333 0.235417 0.860417 0.235417 0.862500 0.237500 0.858333 0.241667 0.856250 0.239583 0.856250 0.241667 0.858333 0.243750 0.858333 0.245833 0.856250 0.247917 0.856250 0.256250 0.856250 0.247917 0.858333 0.245833 0.858333 0.241667 0.864583 0.235417 0.872917 0.235417 0.875000 0.237500 0.879167 0.237500 0.883333 0.233333 0.879167 0.237500 0.877083 0.237500 0.875000 0.235417 0.864583 0.235417 0.862500 0.237500 0.852083 0.227083 0.839583 0.227083 0.837500 0.225000 0.835417 0.225000 0.833333 0.222917 0.831250 0.222917 0.827083 0.218750 0.820833 0.218750 0.812500 0.210417 0.812500 0.208333 0.810417 0.206250 0.808333 0.206250 0.802083 0.200000 0.800000 0.200000 0.793750 0.193750 0.791667 0.193750 0.789583 0.191667 0.785417 0.191667 0.781250 0.187500 0.777083 0.187500 0.762500 0.172917 0.758333 0.172917
0 0.614583 0.054167 0.614583 0.056250 0.616667 0.058333 0.616667 0.060417 0.618750 0.062500 0.620833 0.062500 0.625000 0.066667 0.625000 0.068750 0.631250 0.075000 0.633333 0.075000 0.645833 0.087500 0.647917 0.087500 0.652083 0.091667 0.654167 0.091667 0.656250 0.093750 0.658333 0.093750 0.660417 0.095833 0.664583 0.095833 0.666667 0.097917 0.668750 0.097917 0.670833 0.100000 0.672917 0.100000 0.687500 0.114583 0.687500 0.116667 0.695833 0.125000 0.697917 0.125000 0.718750 0.145833 0.718750 0.147917 0.725000 0.154167 0.733333 0.154167 0.735417 0.156250 0.741667 0.156250 0.745833 0.160417 0.747917 0.160417 0.745833 0.160417 0.741667 0.156250 0.735417 0.156250 0.733333 0.154167 0.725000 0.154167 0.718750 0.147917 0.718750 0.145833 0.700000 0.127083 0.700000 0.125000 0.697917 0.125000 0.695833 0.122917 0.693750 0.122917 0.687500 0.116667 0.687500 0.114583 0.672917 0.100000 0.670833 0.100000 0.668750 0.097917 0.666667 0.097917 0.664583 0.095833 0.660417 0.095833 0.656250 0.091667 0.652083 0.091667 0.647917 0.087500 0.645833 0.087500 0.631250 0.072917 0.629167 0.072917 0.625000 0.068750 0.625000 0.066667 0.620833 0.062500 0.618750 0.062500 0.616667 0.060417 0.616667 0.058333 0.614583 0.056250
0 0.585417 0.000000 0.585417 0.002083 0.587500 0.004167 0.587500 0.010417 0.593750 0.016667 0.593750 0.018750 0.606250 0.031250 0.608333 0.031250 0.612500 0.035417 0.612500 0.050000 0.612500 0.035417 0.608333 0.031250 0.606250 0.031250 0.593750 0.018750 0.593750 0.016667 0.587500 0.010417 0.587500 0.004167 0.585417 0.002083