0 0.862500 0.762500 0.864583 0.764583 0.864583 0.766667 0.875000 0.777083 0.875000 0.779167 0.877083 0.781250 0.879167 0.781250 0.906250 0.808333 0.906250 0.810417 0.908333 0.812500 0.910417 0.812500 0.912500 0.814583 0.914583 0.814583 0.916667 0.816667 0.918750 0.816667 0.920833 0.818750 0.925000 0.818750 0.927083 0.820833 0.933333 0.820833 0.937500 0.825000 0.937500 0.827083 0.939583 0.827083 0.943750 0.831250 0.933333 0.820833 0.927083 0.820833 0.925000 0.818750 0.920833 0.818750 0.918750 0.816667 0.916667 0.816667 0.914583 0.814583 0.912500 0.814583 0.910417 0.812500 0.908333 0.812500 0.906250 0.810417 0.906250 0.808333 0.879167 0.781250 0.877083 0.781250 0.875000 0.779167 0.875000 0.777083 0.864583 0.766667 0.864583 0.764583
0 0.860417 0.745833 0.858333 0.747917 0.858333 0.756250 0.860417 0.758333 0.858333 0.756250 0.858333 0.747917
0 0.791667 0.516667 0.806250 0.531250 0.808333 0.531250 0.812500 0.535417 0.812500 0.539583 0.814583 0.541667 0.814583 0.552083 0.820833 0.558333 0.820833 0.562500 0.822917 0.562500 0.827083 0.566667 0.827083 0.570833 0.833333 0.577083 0.833333 0.581250 0.837500 0.585417 0.837500 0.587500 0.839583 0.589583 0.839583 0.591667 0.843750 0.595833 0.843750 0.597917 0.841667 0.600000 0.841667 0.606250 0.843750 0.608333 0.843750 0.610417 0.841667 0.612500 0.841667 0.614583 0.820833 0.635417 0.820833 0.654167 0.818750 0.656250 0.820833 0.656250 0.822917 0.658333 0.822917 0.666667 0.820833 0.668750 0.820833 0.670833 0.822917 0.672917 0.822917 0.675000 0.825000 0.677083 0.825000 0.679167 0.833333 0.687500 0.835417 0.687500 0.837500 0.689583 0.837500 0.693750 0.841667 0.697917 0.841667 0.702083 0.843750 0.704167 0.843750 0.706250 0.845833 0.708333 0.845833 0.710417 0.847917 0.712500 0.847917 0.716667 0.850000 0.718750 0.845833 0.722917 0.852083 0.729167 0.852083 0.731250 0.854167 0.733333 0.854167 0.735417 0.858333 0.739583 0.858333 0.741667 0.858333 0.739583 0.854167 0.735417 0.854167 0.733333 0.852083 0.731250 0.852083 0.729167 0.845833 0.722917 0.850000 0.718750 0.847917 0.716667 0.847917 0.712500 0.845833 0.710417 0.845833 0.708333 0.843750 0.706250 0.843750 0.704167 0.841667 0.702083 0.841667 0.697917 0.837500 0.693750 0.837500 0.689583 0.835417 0.687500 0.833333 0.687500 0.825000 0.679167 0.825000 0.677083 0.822917 0.675000 0.822917 0.672917 0.820833 0.670833 0.820833 0.668750 0.822917 0.666667 0.822917 0.658333 0.820833 0.656250 0.820833 0.635417 0.831250 0.625000 0.833333 0.625000 0.833333 0.622917 0.841667 0.614583 0.841667 0.612500 0.843750 0.610417 0.843750 0.608333 0.841667 0.606250 0.841667 0.600000 0.843750 0.597917 0.843750 0.593750 0.841667 0.593750 0.839583 0.591667 0.839583 0.589583 0.837500 0.587500 0.837500 0.585417 0.833333 0.581250 0.833333 0.577083 0.827083 0.570833 0.827083 0.566667 0.820833 0.560417 0.820833 0.558333 0.818750 0.556250 0.818750 0.554167 0.816667 0.552083 0.816667 0.541667 0.812500 0.537500 0.814583 0.535417 0.812500 0.535417 0.808333 0.531250 0.806250 0.531250
0 0.797917 0.416667 0.797917 0.435417 0.795833 0.437500 0.795833 0.445833 0.793750 0.447917 0.793750 0.454167 0.791667 0.456250 0.791667 0.458333 0.793750 0.460417 0.793750 0.468750 0.795833 0.470833 0.795833 0.475000 0.797917 0.477083 0.797917 0.487500 0.800000 0.489583 0.800000 0.491667 0.802083 0.493750 0.802083 0.497917 0.804167 0.500000 0.806250 0.500000 0.812500 0.506250 0.812500 0.514583 0.820833 0.522917 0.820833 0.529167 0.818750 0.531250 0.820833 0.531250 0.820833 0.522917 0.812500 0.514583 0.812500 0.506250 0.806250 0.500000 0.804167 0.500000 0.802083 0.497917 0.802083 0.493750 0.800000 0.491667 0.800000 0.489583 0.797917 0.487500 0.797917 0.477083 0.795833 0.475000 0.795833 0.470833 0.793750 0.468750 0.793750 0.460417 0.791667 0.458333 0.791667 0.456250 0.793750 0.454167 0.793750 0.447917 0.795833 0.445833 0.795833 0.439583 0.797917 0.437500
0 0.722917 0.262500 0.725000 0.264583 0.725000 0.270833 0.727083 0.272917 0.727083 0.281250 0.722917 0.285417 0.722917 0.287500 0.725000 0.289583 0.725000 0.295833 0.727083 0.297917 0.727083 0.302083 0.729167 0.304167 0.729167 0.312500 0.731250 0.314583 0.731250 0.316667 0.733333 0.318750 0.733333 0.320833 0.750000 0.337500 0.750000 0.339583 0.752083 0.341667 0.752083 0.343750 0.754167 0.345833 0.754167 0.347917 0.779167 0.372917 0.779167 0.375000 0.783333 0.379167 0.783333 0.387500 0.785417 0.389583 0.785417 0.395833 0.787500 0.397917 0.787500 0.404167 0.789583 0.406250 0.787500 0.404167 0.787500 0.397917 0.785417 0.395833 0.785417 0.389583 0.783333 0.387500 0.783333 0.379167 0.781250 0.377083 0.781250 0.375000 0.754167 0.347917 0.754167 0.345833 0.752083 0.343750 0.752083 0.341667 0.750000 0.339583 0.750000 0.337500 0.733333 0.320833 0.733333 0.318750 0.731250 0.316667 0.731250 0.312500 0.729167 0.310417 0.729167 0.304167 0.727083 0.302083 0.727083 0.297917 0.725000 0.295833 0.725000 0.289583 0.722917 0.287500 0.722917 0.285417 0.727083 0.281250 0.727083 0.272917 0.725000 0.270833 0.725000 0.264583
0 0.685417 0.175000 0.687500 0.177083 0.687500 0.179167 0.693750 0.185417 0.693750 0.187500 0.695833 0.189583 0.695833 0.195833 0.700000 0.200000 0.700000 0.204167 0.702083 0.206250 0.702083 0.208333 0.706250 0.212500 0.706250 0.216667 0.710417 0.220833 0.710417 0.222917 0.712500 0.225000 0.712500 0.229167 0.716667 0.233333 0.716667 0.237500 0.718750 0.239583 0.718750 0.250000 0.720833 0.252083 0.720833 0.256250 0.722917 0.258333 0.720833 0.256250 0.720833 0.250000 0.718750 0.247917 0.718750 0.239583 0.716667 0.237500 0.716667 0.233333 0.712500 0.229167 0.712500 0.225000 0.710417 0.222917 0.710417 0.220833 0.706250 0.216667 0.706250 0.212500 0.702083 0.208333 0.702083 0.206250 0.700000 0.204167 0.700000 0.200000 0.695833 0.195833 0.695833 0.187500 0.687500 0.179167 0.687500 0.177083
0 0.668750 0.143750 0.668750 0.145833 0.670833 0.147917 0.670833 0.150000 0.675000 0.154167 0.675000 0.156250 0.679167 0.160417 0.679167 0.166667 0.681250 0.168750 0.681250 0.170833 0.681250 0.168750 0.679167 0.166667 0.679167 0.160417 0.677083 0.158333 0.677083 0.156250 0.670833 0.150000 0.670833 0.147917 0.668750 0.145833
0 0.635417 0.129167 0.639583 0.133333 0.639583 0.135417 0.639583 0.133333
0 0.606250 0.095833 0.625000 0.114583 0.625000 0.116667 0.633333 0.125000 0.625000 0.116667 0.625000 0.114583
0 0.593750 0.054167 0.593750 0.062500 0.595833 0.064583 0.595833 0.066667 0.597917 0.068750 0.597917 0.077083 0.600000 0.079167 0.600000 0.085417 0.602083 0.087500 0.602083 0.093750 0.602083 0.087500 0.600000 0.085417 0.600000 0.079167 0.597917 0.077083 0.597917 0.068750 0.595833 0.066667 0.595833 0.064583 0.593750 0.062500
0 0.570833 0.000000 0.577083 0.006250 0.577083 0.008333 0.581250 0.012500 0.581250 0.014583 0.587500 0.020833 0.587500 0.022917 0.589583 0.025000 0.589583 0.035417 0.591667 0.037500 0.591667 0.047917 0.591667 0.037500 0.589583 0.035417 0.589583 0.025000 0.587500 0.022917 0.587500 0.020833 0.581250 0.014583 0.581250 0.012500 0.577083 0.008333 0.577083 0.006250