0 0.400000 0.825000 0.400000 0.835417 0.397917 0.837500 0.397917 0.847917 0.395833 0.850000 0.395833 0.854167 0.393750 0.856250 0.393750 0.858333 0.395833 0.860417 0.395833 0.866667 0.397917 0.868750 0.397917 0.870833 0.400000 0.872917 0.400000 0.887500 0.397917 0.889583 0.397917 0.893750 0.395833 0.895833 0.395833 0.897917 0.393750 0.900000 0.393750 0.904167 0.391667 0.906250 0.391667 0.935417 0.389583 0.937500 0.387500 0.937500 0.379167 0.945833 0.379167 0.960417 0.381250 0.962500 0.381250 0.966667 0.387500 0.972917 0.387500 0.991667 0.387500 0.972917 0.381250 0.966667 0.381250 0.962500 0.379167 0.960417 0.379167 0.945833 0.387500 0.937500 0.389583 0.937500 0.391667 0.935417 0.391667 0.906250 0.393750 0.904167 0.393750 0.900000 0.395833 0.897917 0.395833 0.895833 0.397917 0.893750 0.397917 0.889583 0.400000 0.887500 0.400000 0.872917 0.397917 0.870833 0.397917 0.868750 0.395833 0.866667 0.395833 0.860417 0.393750 0.858333 0.393750 0.856250 0.395833 0.854167 0.395833 0.850000 0.397917 0.847917 0.397917 0.837500 0.400000 0.835417
0 0.402083 0.802083 0.402083 0.818750 0.400000 0.820833 0.402083 0.818750
0 0.385417 0.675000 0.387500 0.677083 0.387500 0.683333 0.389583 0.685417 0.389583 0.687500 0.391667 0.687500 0.393750 0.689583 0.393750 0.693750 0.395833 0.695833 0.395833 0.700000 0.397917 0.702083 0.397917 0.706250 0.400000 0.708333 0.400000 0.710417 0.404167 0.714583 0.404167 0.716667 0.416667 0.729167 0.416667 0.733333 0.406250 0.743750 0.406250 0.772917 0.410417 0.777083 0.410417 0.789583 0.410417 0.777083 0.406250 0.772917 0.406250 0.743750 0.416667 0.733333 0.416667 0.729167 0.404167 0.716667 0.404167 0.714583 0.400000 0.710417 0.400000 0.708333 0.397917 0.706250 0.397917 0.702083 0.395833 0.700000 0.395833 0.695833 0.393750 0.693750 0.393750 0.689583 0.387500 0.683333 0.387500 0.677083
0 0.372917 0.489583 0.372917 0.491667 0.370833 0.493750 0.370833 0.495833 0.366667 0.500000 0.366667 0.508333 0.368750 0.510417 0.368750 0.531250 0.370833 0.533333 0.370833 0.560417 0.372917 0.562500 0.372917 0.566667 0.375000 0.568750 0.375000 0.577083 0.379167 0.581250 0.379167 0.583333 0.381250 0.585417 0.381250 0.608333 0.387500 0.614583 0.387500 0.618750 0.389583 0.620833 0.389583 0.625000 0.391667 0.627083 0.391667 0.637500 0.389583 0.639583 0.389583 0.641667 0.387500 0.643750 0.387500 0.654167 0.383333 0.658333 0.383333 0.670833 0.383333 0.658333 0.387500 0.654167 0.387500 0.643750 0.389583 0.641667 0.389583 0.639583 0.391667 0.637500 0.391667 0.627083 0.389583 0.625000 0.389583 0.620833 0.387500 0.618750 0.387500 0.614583 0.381250 0.608333 0.381250 0.585417 0.379167 0.583333 0.379167 0.581250 0.375000 0.577083 0.375000 0.568750 0.372917 0.566667 0.372917 0.562500 0.370833 0.560417 0.370833 0.533333 0.368750 0.531250 0.368750 0.510417 0.366667 0.508333 0.366667 0.500000 0.370833 0.495833 0.370833 0.493750 0.372917 0.491667
0 0.341667 0.368750 0.341667 0.372917 0.343750 0.375000 0.343750 0.383333 0.345833 0.385417 0.345833 0.404167 0.347917 0.406250 0.347917 0.410417 0.350000 0.412500 0.350000 0.418750 0.352083 0.420833 0.352083 0.422917 0.350000 0.425000 0.350000 0.429167 0.358333 0.437500 0.358333 0.439583 0.362500 0.443750 0.362500 0.445833 0.364583 0.447917 0.364583 0.450000 0.372917 0.458333 0.372917 0.466667 0.375000 0.468750 0.375000 0.485417 0.375000 0.468750 0.372917 0.466667 0.372917 0.458333 0.364583 0.450000 0.364583 0.447917 0.362500 0.445833 0.362500 0.443750 0.358333 0.439583 0.358333 0.437500 0.350000 0.429167 0.350000 0.425000 0.352083 0.422917 0.352083 0.420833 0.350000 0.418750 0.350000 0.412500 0.347917 0.410417 0.347917 0.406250 0.345833 0.404167 0.345833 0.385417 0.343750 0.383333 0.343750 0.375000 0.341667 0.372917
0 0.327083 0.302083 0.327083 0.308333 0.329167 0.310417 0.329167 0.312500 0.331250 0.314583 0.331250 0.320833 0.333333 0.322917 0.333333 0.325000 0.331250 0.327083 0.333333 0.329167 0.333333 0.341667 0.335417 0.343750 0.335417 0.347917 0.337500 0.350000 0.337500 0.352083 0.339583 0.354167 0.339583 0.360417 0.341667 0.362500 0.341667 0.364583 0.341667 0.362500 0.339583 0.360417 0.339583 0.354167 0.337500 0.352083 0.337500 0.350000 0.335417 0.347917 0.335417 0.343750 0.333333 0.341667 0.333333 0.329167 0.331250 0.327083 0.333333 0.325000 0.333333 0.322917 0.331250 0.320833 0.331250 0.314583 0.329167 0.312500 0.329167 0.310417 0.327083 0.308333
0 0.312500 0.262500 0.314583 0.264583 0.314583 0.266667 0.316667 0.268750 0.316667 0.270833 0.320833 0.275000 0.320833 0.277083 0.325000 0.281250 0.325000 0.283333 0.327083 0.285417 0.327083 0.293750 0.325000 0.295833 0.325000 0.297917 0.325000 0.295833 0.327083 0.293750 0.327083 0.285417 0.325000 0.283333 0.325000 0.281250 0.320833 0.277083 0.320833 0.275000 0.316667 0.270833 0.316667 0.268750 0.314583 0.266667 0.314583 0.264583
0 0.312500 0.181250 0.312500 0.208333 0.314583 0.210417 0.314583 0.229167 0.312500 0.231250 0.312500 0.258333 0.312500 0.231250 0.314583 0.229167 0.314583 0.220833 0.316667 0.218750 0.314583 0.216667 0.314583 0.210417 0.312500 0.208333
0 0.310417 0.150000 0.310417 0.154167 0.308333 0.156250 0.310417 0.158333 0.310417 0.175000 0.310417 0.158333 0.308333 0.156250 0.310417 0.154167
0 0.325000 0.054167 0.325000 0.060417 0.322917 0.062500 0.322917 0.064583 0.320833 0.066667 0.320833 0.070833 0.318750 0.072917 0.318750 0.075000 0.316667 0.077083 0.316667 0.091667 0.314583 0.093750 0.316667 0.095833 0.316667 0.106250 0.318750 0.108333 0.318750 0.114583 0.320833 0.116667 0.320833 0.118750 0.322917 0.120833 0.322917 0.131250 0.322917 0.120833 0.320833 0.118750 0.320833 0.116667 0.318750 0.114583 0.318750 0.108333 0.316667 0.106250 0.316667 0.077083 0.318750 0.075000 0.318750 0.072917 0.320833 0.070833 0.320833 0.066667 0.322917 0.064583 0.322917 0.062500 0.325000 0.060417
0 0.322917 0.027083 0.322917 0.033333 0.329167 0.039583 0.329167 0.047917 0.327083 0.050000 0.329167 0.047917 0.329167 0.039583 0.322917 0.033333
0 0.312500 0.000000 0.312500 0.002083 0.316667 0.006250 0.316667 0.008333 0.318750 0.010417 0.318750 0.020833 0.320833 0.022917 0.318750 0.020833 0.318750 0.010417 0.316667 0.008333 0.316667 0.006250 0.312500 0.002083