1 0.288 0 0.281 0.0089820359375 0.281 0.0224550890625 0.28500000000000003 0.031437124999999996 0.281 0.0419161671875 0.281 0.055389221875000005 0.28700000000000003 0.0658682640625 0.281 0.07634730468749999 0.271 0.0718562875 0.269 0.07634730468749999 0.27799999999999997 0.10778443124999999 0.277 0.12574850312500002 0.269 0.14520958125 0.269 0.181137725 0.273 0.193113771875 0.274 0.21556886249999999 0.261 0.2919161671875 0.259 0.3443113765625 0.25 0.3817365265625 0.254 0.40269461093750003 0.251 0.44461077812500005 0.267 0.4700598796875 0.269 0.48652694687500003 0.274 0.49700598749999997 0.265 0.513473053125 0.267 0.5718562875 0.282 0.5673652687499999 0.27999999999999997 0.556886228125 0.28300000000000003 0.5449101796875 0.286 0.555389221875 0.28500000000000003 0.5763473046875001 0.29 0.5988023953125 0.296 0.606287425 0.29900000000000004 0.625748503125 0.306 0.6302395203125 0.311 0.6092814375 0.32 0.6092814375 0.32 0.6347305390625 0.315 0.6467065875 0.313 0.6691616765624999 0.304 0.6736526953124999 0.306 0.6811377249999999 0.302 0.6871257484375 0.302 0.694610778125 0.31 0.7350299406249999 0.314 0.7260479046875 0.318 0.730538921875 0.322 0.770958084375 0.327 0.7769461078125001 0.32599999999999996 0.7889221562500001 0.33599999999999997 0.8053892218750001 0.33399999999999996 0.8143712578125 0.337 0.82035928125 0.346 0.8143712578125 0.34199999999999997 0.7934131734375 0.34700000000000003 0.78592814375 0.344 0.7604790421875001 0.348 0.718562875 0.343 0.7155688625 0.34900000000000003 0.6811377249999999 0.34900000000000003 0.61077844375 0.346 0.606287425 0.346 0.5943113765625 0.352 0.5688622750000001 0.34700000000000003 0.5254491015625 0.354 0.5014970062499999 0.35 0.483532934375 0.351 0.45508982031249995 0.348 0.450598803125 0.352 0.43712574843749996 0.365 0.4341317359375 0.374 0.45359281406249996 0.376 0.5299401203125 0.383 0.5748503 0.382 0.625748503125 0.375 0.6901197609375 0.375 0.7574850296875 0.39 0.8293413171875 0.392 0.8697604796875 0.397 0.856287425 0.40599999999999997 0.8488023953124999 0.41500000000000004 0.8293413171875 0.43 0.8188622750000001 0.43099999999999994 0.75 0.42800000000000005 0.7215568859375 0.43600000000000005 0.7110778437499999 0.433 0.699101796875 0.43600000000000005 0.6886227546875 0.437 0.621257484375 0.441 0.6152694609375 0.46299999999999997 0.6137724546875 0.46900000000000003 0.606287425 0.481 0.6152694609375 0.49400000000000005 0.6122754484375 0.499 0.5913173656249999 0.499 0.5628742515625 0.492 0.48502994062499993 0.5 0.45508982031249995 0.517 0.4386227546875 0.529 0.47305389218749994 0.537 0.483532934375 0.5389999999999999 0.47754491093749996 0.545 0.4760479046875 0.553 0.46556886249999996 0.554 0.3907185625 0.562 0.37574850312499997 0.5660000000000001 0.34131736562500004 0.5780000000000001 0.3263473046875 0.579 0.31736526875000004 0.5860000000000001 0.3098802390625 0.599 0.2739520953125 0.607 0.13772455156250002 0.602 0.1302395203125 0.593 0.0973053890625 0.5940000000000001 0.061377245312499995 0.5900000000000001 0.0479041921875 0.589 0.019461078125 0.5860000000000001 0.016467065625 0.575 0.011976048437500001 0.557 0.014970059375 0.554 0 0.54 0 0.537 0.0044910171875 0.532 0 0.387 0 0.377 0.013473053125 0.386 0.016467065625 0.384 0.028443114062500004 0.387 0.068862275 0.378 0.0823353296875 0.382 0.10778443124999999 0.385 0.11077844375000001 0.384 0.12574850312500002 0.378 0.14221556875000002 0.377 0.15868263437500002 0.367 0.1691616765625 0.368 0.21706586875 0.364 0.23652694687500003 0.364 0.264970059375 0.361 0.27245508906250004 0.358 0.235029940625 0.353 0.23053892187499997 0.355 0.22155688593749998 0.34700000000000003 0.21706586875 0.344 0.2050898203125 0.34900000000000003 0.193113771875 0.34900000000000003 0.1886227546875 0.34500000000000003 0.1886227546875 0.34500000000000003 0.1661676640625 0.351 0.15868263437500002 0.34500000000000003 0.14520958125 0.34700000000000003 0.13173652656249998 0.344 0.127245509375 0.344 0.09431137656250001 0.35 0.09131736562500001 0.352 0.07335329375 0.357 0.06287425156250001 0.354 0.03293413125 0.358 0.028443114062500004 0.355 0.019461078125 0.36 0.0059880234375 0.358 0 0.353 0 0.288 0
1 0.7110000000000001 0 0.705 0.019461078125 0.71 0.03892215625 0.7070000000000001 0.05988023906249999 0.7110000000000001 0.07784431093750001 0.713 0.1332335328125 0.704 0.15419161718750002 0.71 0.164670659375 0.7110000000000001 0.18712574843750002 0.697 0.2934131734375 0.697 0.318862275 0.701 0.33083832343749997 0.708 0.3113772453125 0.7110000000000001 0.3218562875 0.706 0.32934131718750004 0.704 0.3473053890625 0.6950000000000001 0.3592814375 0.693 0.3697604796875 0.696 0.37574850312499997 0.708 0.372754490625 0.7190000000000001 0.4011976046875 0.726 0.4386227546875 0.724 0.49700598749999997 0.72 0.5089820359375 0.7190000000000001 0.5299401203125 0.712 0.5344311375 0.702 0.5254491015625 0.6980000000000001 0.5119760484375 0.693 0.4580838328125 0.689 0.4580838328125 0.682 0.4700598796875 0.6809999999999999 0.5928143718750001 0.671 0.63922155625 0.674 0.6556886234375 0.682 0.6571856281249999 0.6940000000000001 0.6676646703125 0.693 0.6826347312500001 0.701 0.6811377249999999 0.705 0.6541916171875 0.7190000000000001 0.6676646703125 0.731 0.6706586828125001 0.738 0.6586826343750001 0.722 0.621257484375 0.725 0.61077844375 0.714 0.6137724546875 0.713 0.621257484375 0.7190000000000001 0.625748503125 0.708 0.643712575 0.7030000000000001 0.6407185625 0.702 0.625748503125 0.697 0.6152694609375 0.702 0.5928143718750001 0.6980000000000001 0.57035928125 0.702 0.5479041921875 0.716 0.5479041921875 0.714 0.5763473046875001 0.72 0.5928143718750001 0.727 0.5838323359375 0.734 0.5598802390625 0.734 0.46107784374999994 0.738 0.43712574843749996 0.747 0.43712574843749996 0.753 0.44760479062499997 0.758 0.47455089843750003 0.76 0.480538921875 0.764 0.480538921875 0.769 0.49850299375 0.766 0.5224550890625 0.768 0.5958083828125 0.762 0.627245509375 0.762 0.6482035921875 0.771 0.663173653125 0.772 0.67964071875 0.7769999999999999 0.6751497 0.782 0.6482035921875 0.791 0.6452095812499999 0.784 0.6377245515625 0.783 0.627245509375 0.7849999999999999 0.61077844375 0.78 0.5928143718750001 0.782 0.5464071859375 0.7889999999999999 0.5449101796875 0.7929999999999999 0.549401196875 0.7929999999999999 0.5688622750000001 0.798 0.5748503 0.8029999999999999 0.5688622750000001 0.807 0.531437125 0.834 0.5224550890625 0.841 0.53592814375 0.844 0.53592814375 0.8480000000000001 0.531437125 0.849 0.516467065625 0.857 0.513473053125 0.86 0.5059880234375 0.8560000000000001 0.4880239515625 0.853 0.48652694687500003 0.849 0.4925149703125 0.843 0.483532934375 0.844 0.44910179687499996 0.853 0.43113772499999997 0.8460000000000001 0.411676646875 0.841 0.411676646875 0.829 0.42514969999999996 0.8240000000000001 0.4236526953125 0.825 0.44461077812500005 0.8140000000000001 0.480538921875 0.8099999999999999 0.46856287500000005 0.805 0.4011976046875 0.817 0.3443113765625 0.8130000000000001 0.34131736562500004 0.805 0.3128742515625 0.792 0.3143712578125 0.792 0.3338323359375 0.7969999999999999 0.3458083828125 0.799 0.36377245468749997 0.7969999999999999 0.4715568859375 0.794 0.482035928125 0.787 0.4700598796875 0.772 0.46706586874999995 0.766 0.46107784374999994 0.763 0.37574850312499997 0.755 0.378742515625 0.756 0.38772455156249996 0.749 0.39520958125 0.736 0.38772455156249996 0.734 0.29790419218749997 0.748 0.29640718593750004 0.744 0.2784431140625 0.749 0.270958084375 0.75 0.2604790421875 0.742 0.25149700625000004 0.748 0.2470059875 0.746 0.22005987968750002 0.753 0.218562875 0.757 0.2260479046875 0.763 0.22754491093749998 0.768 0.21706586875 0.791 0.21556886249999999 0.796 0.20059880312499997 0.7969999999999999 0.17964071875 0.8019999999999999 0.1781437125 0.8039999999999999 0.1841317359375 0.8119999999999999 0.1886227546875 0.8089999999999999 0.194610778125 0.8119999999999999 0.20059880312499997 0.808 0.2035928140625 0.8099999999999999 0.22754491093749998 0.8119999999999999 0.2035928140625 0.8210000000000001 0.194610778125 0.819 0.1856287421875 0.8119999999999999 0.18263473125000002 0.8119999999999999 0.17514970000000002 0.82 0.17065868281250002 0.827 0.1721556890625 0.828 0.21556886249999999 0.834 0.218562875 0.8380000000000001 0.20958083906249997 0.843 0.1556886234375 0.8300000000000001 0.1197604796875 0.8230000000000001 0.1302395203125 0.8210000000000001 0.15419161718750002 0.818 0.157185628125 0.798 0.15868263437500002 0.767 0.1407185625 0.753 0.14221556875000002 0.748 0.1556886234375 0.729 0.12574850312500002 0.727 0.10778443124999999 0.725 0.07485030000000001 0.732 0.028443114062500004 0.732 0 0.72675 0 0.7110000000000001 0
1 0.147 0 0.144 0.0074850296875 0.147 0.023952095312499998 0.148 0.11077844375000001 0.136 0.11826347343750002 0.136 0.1556886234375 0.13 0.15868263437500002 0.132 0.20059880312499997 0.127 0.2380239515625 0.122 0.25 0.127 0.3098802390625 0.123 0.3323353296875 0.126 0.35778443125 0.118 0.410179640625 0.119 0.4341317359375 0.126 0.4281437125 0.123 0.4206586828125 0.125 0.4011976046875 0.128 0.38772455156249996 0.137 0.371257484375 0.13999999999999999 0.3532934125 0.13899999999999998 0.303892215625 0.144 0.29041916093750003 0.13999999999999999 0.24550898281250003 0.152 0.1736526953125 0.13799999999999998 0.1691616765625 0.13899999999999998 0.157185628125 0.153 0.1482035921875 0.157 0.13473053906250002 0.16499999999999998 0.12574850312500002 0.172 0.1407185625 0.174 0.1841317359375 0.178 0.18263473125000002 0.181 0.164670659375 0.197 0.161676646875 0.202 0.17065868281250002 0.207 0.15419161718750002 0.202 0.12125748437499999 0.20600000000000002 0.0464071859375 0.197 0.028443114062500004 0.20299999999999999 0.020958084374999998 0.20099999999999998 0 0.194 0 0.189 0.0059880234375 0.187 0 0.172 0 0.16699999999999998 0 0.147 0
1 0.64 0.1526946109375 0.651 0.164670659375 0.64 0.18712574843750002 0.64 0.20059880312499997 0.651 0.2035928140625 0.651 0.21556886249999999 0.642 0.22155688593749998 0.642 0.232035928125 0.648 0.2380239515625 0.655 0.23652694687500003 0.654 0.1916167671875 0.657 0.1841317359375 0.6639999999999999 0.18712574843750002 0.671 0.14221556875000002 0.671 0.12125748437499999 0.665 0.11077844375000001 0.667 0.10179640781249999 0.6639999999999999 0.049401196875 0.657 0.029940120312500002 0.654 0.0044910171875 0.649 0.0044910171875 0.647 0.020958084374999998 0.636 0.0344311375 0.641 0.061377245312499995 0.64 0.1526946109375
1 0.485 0.799401196875 0.481 0.8158682640625001 0.48200000000000004 0.8458083828125 0.472 0.9011976046875001 0.466 0.908682634375 0.471 0.9341317359374999 0.465 0.9491017968750001 0.461 0.9985029937500001 0.47800000000000004 0.9985029937500001 0.48200000000000004 0.9775449109375 0.49000000000000005 0.8473053890625 0.487 0.8263473046875 0.49000000000000005 0.8143712578125 0.489 0.7784431140625 0.49800000000000005 0.7514970062499999 0.508 0.736526946875 0.508 0.6886227546875 0.504 0.6886227546875 0.499 0.7155688625 0.489 0.7245508984375 0.48600000000000004 0.7395209578124999 0.485 0.799401196875
1 0.8390000000000001 0.8877245515625001 0.833 0.893712575 0.825 0.893712575 0.825 0.9191616765624999 0.82 0.9236526953125 0.8119999999999999 0.9700598796875 0.8119999999999999 0.9985029937500001 0.841 0.9985029937500001 0.843 0.9940119765625001 0.843 0.9191616765624999 0.849 0.8952095812499999 0.8460000000000001 0.8877245515625001 0.852 0.8682634734375 0.849 0.856287425 0.852 0.8532934125 0.851 0.8488023953124999 0.858 0.8428143718750001 0.861 0.85778443125 0.859 0.871257484375 0.865 0.878742515625 0.8720000000000001 0.8742514968749999 0.874 0.8607784437499999 0.874 0.8443113765625 0.86 0.8428143718750001 0.857 0.8278443109375001 0.852 0.8278443109375001 0.8460000000000001 0.8368263468749999 0.8470000000000001 0.856287425 0.842 0.8652694609375 0.8390000000000001 0.8877245515625001
1 0.867 0.5958083828125 0.8640000000000001 0.6032934125 0.8630000000000001 0.6541916171875 0.867 0.732035928125 0.8720000000000001 0.7425149703125 0.869 0.7544910171875 0.873 0.7604790421875001 0.875 0.6751497 0.889 0.63922155625 0.9039999999999999 0.628742515625 0.907 0.6182634734375 0.9029999999999999 0.6167664671875001 0.89 0.628742515625 0.882 0.622754490625 0.881 0.606287425 0.891 0.5958083828125 0.877 0.5913173656249999 0.875 0.586826346875 0.8720000000000001 0.5224550890625 0.8720000000000001 0.516467065625 0.867 0.5419161671875 0.868 0.5628742515625 0.865 0.5688622750000001 0.867 0.5958083828125
1 0.8210000000000001 0 0.82 0.011976048437500001 0.8300000000000001 0.029940120312500002 0.836 0.03293413125 0.835 0.0449101796875 0.8390000000000001 0.0464071859375 0.842 0.055389221875000005 0.8380000000000001 0.0643712578125 0.8220000000000001 0.06736526875 0.833 0.0838323359375 0.842 0.085329340625 0.8460000000000001 0.11077844375000001 0.841 0.11826347343750002 0.845 0.1332335328125 0.8480000000000001 0.1137724546875 0.859 0.0838323359375 0.914 0.10479041874999999 0.9199999999999999 0.11077844375000001 0.9199999999999999 0.15868263437500002 0.917 0.1691616765625 0.921 0.18712574843750002 0.922 0.22005987968750002 0.9189999999999999 0.24251497031249997 0.913 0.2529940125 0.9119999999999999 0.26347305312499997 0.9179999999999999 0.281437125 0.923 0.3143712578125 0.923 0.3697604796875 0.932 0.38772455156249996 0.933 0.4341317359375 0.9369999999999999 0.4401197609375 0.9369999999999999 0.45209580781250003 0.9339999999999999 0.46407185625 0.9199999999999999 0.47754491093749996 0.905 0.5089820359375 0.921 0.5434131734375 0.9259999999999999 0.585329340625 0.9349999999999999 0.5598802390625 0.9359999999999999 0.5434131734375 0.945 0.5389221562500001 0.9480000000000001 0.5464071859375 0.943 0.6152694609375 0.93 0.624251496875 0.9279999999999999 0.61077844375 0.923 0.60778443125 0.923 0.622754490625 0.9269999999999999 0.625748503125 0.9279999999999999 0.6332335328124999 0.9259999999999999 0.64221556875 0.9339999999999999 0.6571856281249999 0.9349999999999999 0.6721556890625 0.9339999999999999 0.7155688625 0.9289999999999999 0.7245508984375 0.93 0.7619760484375 0.9349999999999999 0.763473053125 0.9470000000000001 0.71257485 0.9570000000000001 0.71257485 0.966 0.718562875 0.968 0.7245508984375 0.9710000000000001 0.78742515 0.974 0.7934131734375 0.982 0.7934131734375 0.9869999999999999 0.781437125 0.984 0.7589820359375 0.9869999999999999 0.71407185625 0.9960000000000001 0.67664670625 0.9949999999999999 0.660179640625 0.982 0.6541916171875 0.986 0.6407185625 0.984 0.622754490625 0.986 0.6167664671875001 0.991 0.6152694609375 0.999 0.624251496875 0.999 0.5973053890625 0.992 0.6137724546875 0.985 0.6092814375 0.986 0.5943113765625 0.978 0.5973053890625 0.9730000000000001 0.606287425 0.976 0.6167664671875001 0.976 0.6467065875 0.9810000000000001 0.6541916171875 0.977 0.6586826343750001 0.977 0.6721556890625 0.97 0.6841317359375 0.967 0.6706586828125001 0.967 0.64221556875 0.961 0.6377245515625 0.96 0.622754490625 0.969 0.6092814375 0.961 0.6002994015625001 0.959 0.5913173656249999 0.961 0.5613772453125 0.9550000000000001 0.531437125 0.9650000000000001 0.46556886249999996 0.959 0.450598803125 0.962 0.4176646703125 0.9650000000000001 0.411676646875 0.9640000000000001 0.3997005984375 0.9560000000000001 0.372754490625 0.961 0.35479041875 0.958 0.3338323359375 0.961 0.264970059375 0.9720000000000001 0.26347305312499997 0.976 0.267964071875 0.982 0.3128742515625 0.984 0.372754490625 0.99 0.3982035921875 0.9949999999999999 0.3847305390625 0.9949999999999999 0.37425149687500003 0.999 0.3682634734375 0.999 0.218562875 0.993 0.21556886249999999 0.9810000000000001 0.1916167671875 0.969 0.1886227546875 0.985 0.17664670625 0.9890000000000001 0.1526946109375 0.9869999999999999 0.12574850312500002 0.9810000000000001 0.1137724546875 0.984 0.10628742499999999 0.9810000000000001 0.09580838281250001 0.982 0.0823353296875 0.97 0.07634730468749999 0.967 0.07035928125 0.968 0.061377245312499995 0.976 0.05988023906249999 0.9730000000000001 0.055389221875000005 0.978 0.0449101796875 0.9720000000000001 0.016467065625 0.974 0.011976048437500001 0.969 0.0059880234375 0.969 0 0.9179999999999999 0 0.9119999999999999 0.028443114062500004 0.9119999999999999 0.0808383234375 0.9039999999999999 0.092814371875 0.899 0.092814371875 0.8789999999999999 0.086826346875 0.8720000000000001 0.07934131718750001 0.86 0.07784431093750001 0.8550000000000001 0.0718562875 0.857 0.0583832328125 0.85 0.0344311375 0.851 0.017964071875 0.8550000000000001 0.011976048437500001 0.85 0 0.8442000000000001 0 0.8210000000000001 0
1 0.786 0.93263473125 0.783 0.9356287421875 0.78 0.9251497000000001 0.776 0.9281437125 0.772 0.9520958078125 0.765 0.950598803125 0.765 0.92964071875 0.763 0.9236526953125 0.759 0.9236526953125 0.755 0.943113771875 0.755 0.9955089828125001 0.768 0.9940119765625001 0.778 0.9985029937500001 0.783 0.986526946875 0.787 0.986526946875 0.792 0.9985029937500001 0.8019999999999999 0.9985029937500001 0.805 0.9940119765625001 0.8029999999999999 0.986526946875 0.796 0.982035928125 0.795 0.9700598796875 0.782 0.96706586875 0.78 0.950598803125 0.783 0.943113771875 0.7929999999999999 0.9401197609375 0.796 0.9026946109375 0.8 0.8907185625 0.798 0.8907185625 0.7889999999999999 0.9101796406249999 0.79 0.9191616765624999 0.784 0.92664670625 0.786 0.93263473125
1 0.9480000000000001 0.8502994015625 0.9560000000000001 0.8443113765625 0.959 0.8263473046875 0.951 0.8083832328125 0.943 0.8038922156250001 0.942 0.8038922156250001 0.9259999999999999 0.8128742515624999 0.923 0.8323353296875 0.9400000000000001 0.8502994015625 0.9480000000000001 0.8502994015625
1 0.654 0.53592814375 0.6599999999999999 0.5254491015625 0.655 0.5029940125000001 0.655 0.4580838328125 0.654 0.45658682656250005 0.645 0.5 0.648 0.517964071875 0.638 0.5434131734375 0.654 0.53592814375
1 0.233 0.9985029937500001 0.23199999999999998 0.982035928125 0.22599999999999998 0.9700598796875 0.221 0.9685628749999999 0.21200000000000002 0.9685628749999999 0.20800000000000002 0.9745508984375 0.207 0.986526946875 0.213 0.9985029937500001 0.233 0.9985029937500001