1 0.471875 0.6484375 0.48125 0.684375 0.46875 0.6890625 0.4609375 0.6796875 0.4515625 0.6796875 0.440625 0.690625 0.4265625 0.64375 0.403125 0.6375 0.3921875 0.615625 0.3734375 0.6328125 0.378125 0.70625 0.3765625 0.7921875 0.3859375 0.8390625 0.390625 0.853125 0.3953125 0.853125 0.403125 0.834375 0.4046875 0.7359375 0.4265625 0.696875 0.440625 0.6921875 0.4390625 0.790625 0.4328125 0.828125 0.4359375 0.8484375 0.44375 0.859375 0.453125 0.99375 0.4546875 0.9984375 0.5078125 0.9984375 0.515625 0.9640625 0.5203125 0.959375 0.534375 0.9625 0.5484375 0.95 0.5546875 0.9078125 0.56875 0.884375 0.56875 0.8734375 0.578125 0.853125 0.5828125 0.76875 0.575 0.759375 0.5625 0.759375 0.5484375 0.7671875 0.546875 0.790625 0.540625 0.7921875 0.534375 0.7859375 0.534375 0.7703125 0.546875 0.7609375 0.5515625 0.734375 0.546875 0.6953125 0.5109375 0.6078125 0.503125 0.603125 0.4796875 0.6125 0.4578125 0.565625 0.4515625 0.5640625 0.446875 0.56875 0.446875 0.596875 0.453125 0.6171875 0.471875 0.6484375
1 0.1828125 0.5875 0.2 0.6046875 0.2078125 0.6046875 0.21875 0.596875 0.2234375 0.5828125 0.2359375 0.5078125 0.2375 0.459375 0.225 0.346875 0.2078125 0.303125 0.2 0.3 0.1890625 0.315625 0.1625 0.51875 0.16875 0.5546875 0.1828125 0.5875
1 0.9109375 0.278125 0.9203125 0.328125 0.93125 0.3515625 0.93125 0.3875 0.9375 0.4125 0.940625 0.4 0.9484375 0.3921875 0.9515625 0.3515625 0.9640625 0.33125 0.959375 0.296875 0.9609375 0.1859375 0.95 0.128125 0.9265625 0.1125 0.91875 0.1125 0.90625 0.1265625 0.9015625 0.1703125 0.9078125 0.1984375 0.9109375 0.278125
1 0.709375 0.2234375 0.715625 0.2109375 0.71875 0.184375 0.7296875 0.1609375 0.746875 0.1515625 0.7484375 0.1234375 0.7375 0.0484375 0.69375 0.0453125 0.6828125 0.053125 0.6796875 0.1671875 0.6921875 0.2109375 0.709375 0.2234375
1 0.5765625 0.2359375 0.5859375 0.2296875 0.5890625 0.2171875 0.590625 0.115625 0.5765625 0.084375 0.546875 0.08125 0.5296875 0.1328125 0.5375 0.2171875 0.553125 0.234375 0.5765625 0.2359375
1 0.78125 0 0.7828125 0.0640625 0.7921875 0.1046875 0.7953125 0.1515625 0.8078125 0.175 0.825 0.178125 0.8328125 0.1625 0.8359375 0.046875 0.8265625 0.028125 0.8234375 0 0.78125 0
1 0.2484375 0.2234375 0.2625 0.2515625 0.2671875 0.2515625 0.278125 0.2234375 0.275 0.1546875 0.28125 0.1 0.26875 0.075 0.25 0.0703125 0.2375 0.08125 0.23125 0.096875 0.23125 0.1546875 0.2484375 0.2234375
1 0.1515625 0.790625 0.165625 0.7875 0.1734375 0.775 0.1828125 0.721875 0.175 0.65 0.1703125 0.6390625 0.1625 0.6375 0.146875 0.6609375 0.1359375 0.715625 0.14375 0.775 0.1515625 0.790625
1 0.8625 0.5578125 0.8703125 0.546875 0.875 0.5265625 0.8796875 0.4515625 0.859375 0.4109375 0.8453125 0.4453125 0.83125 0.5171875 0.846875 0.5453125 0.8625 0.5578125
1 0.0859375 0.575 0.1015625 0.578125 0.1109375 0.5421875 0.1125 0.4765625 0.109375 0.459375 0.0984375 0.4484375 0.0796875 0.46875 0.06875 0.546875 0.071875 0.559375 0.0859375 0.575
1 0.3546875 0.621875 0.359375 0.6171875 0.3640625 0.5765625 0.3734375 0.5609375 0.38125 0.521875 0.3828125 0.471875 0.36875 0.46875 0.3578125 0.478125 0.3421875 0.5125 0.34375 0.5546875 0.3546875 0.621875
1 0.478125 0.4046875 0.484375 0.40625 0.496875 0.384375 0.496875 0.325 0.490625 0.2921875 0.4796875 0.2859375 0.465625 0.3140625 0.4640625 0.35625 0.475 0.38125 0.478125 0.4046875
1 0.3484375 0.9390625 0.3375 0.9125 0.328125 0.9078125 0.321875 0.9234375 0.3109375 0.9984375 0.3484375 0.9984375 0.3484375 0.9390625