2 0.173972603125 0.63039014375 0.20547945156249997 0.6098562624999999 0.2712328765625 0.6036960984374999 0.275342465625 0.5811088296875 0.28219178125 0.574948665625 0.306849315625 0.5831622171874999 0.3698630140625 0.577002053125 0.376712328125 0.5831622171874999 0.38219178125000003 0.620123203125 0.4054794515625 0.642710471875 0.41780821875 0.6447638609374999 0.43150685 0.6262833671875 0.458904109375 0.6160164265625 0.47945205468749996 0.63039014375 0.5 0.62833675625 0.5465753421875 0.640657084375 0.54794520625 0.6468172484375 0.5630136984375 0.6365503078125 0.5726027390625 0.607802875 0.6082191781249999 0.58521560625 0.63150685 0.5893223812499999 0.657534246875 0.6139630390625 0.676712328125 0.6098562624999999 0.6863013703124999 0.58726899375 0.676712328125 0.564681725 0.657534246875 0.5605749484375 0.6369863015624999 0.5359342921875 0.6082191781249999 0.5174537984375001 0.591780821875 0.402464065625 0.5972602734375 0.3223819296875 0.6328767125 0.30595482500000004 0.6534246578125 0.2772073921875 0.6616438359375 0.20533880937500001 0.6547945203125 0.18891170468750001 0.6150684937500001 0.162217659375 0.590410959375 0.1560574953125 0.5356164390625 0.2012320328125 0.53150685 0.21560575 0.5369863015624999 0.225872690625 0.5328767125 0.23203285468749998 0.473972603125 0.250513346875 0.46986301406250003 0.2751540046875 0.46164383593749997 0.28336755625 0.46575342500000005 0.30595482500000004 0.475342465625 0.3182751546875 0.4726027390625 0.34702258750000003 0.45342465781249996 0.3942505140625 0.45205479375 0.41478439375000004 0.45342465781249996 0.43531827500000003 0.46164383593749997 0.4394250515625 0.46301369843750007 0.44969199218749994 0.4465753421875 0.4743326484375 0.38356164375 0.4845995890625 0.358904109375 0.49897330625 0.34794520625 0.48665297812499997 0.3356164390625 0.5030800828124999 0.306849315625 0.5154004109375 0.3 0.5318275156250001 0.28219178125 0.54414784375 0.2698630140625 0.5379876796875 0.24931506875 0.5092402468749999 0.23561643906250002 0.5092402468749999 0.224657534375 0.5256673515625 0.19041095937500002 0.54414784375 0.15479452031250002 0.5359342921875 0.11780821875 0.5667351125 0.0986301375 0.6036960984374999 0.10136986249999999 0.622176590625 0.11780821875 0.6262833671875 0.13424657499999998 0.618069815625 0.173972603125 0.63039014375
2 0 0.8398357296875 0.008219178125 0.8439425046875 0.0191780828125 0.8767967140625 0.11780821875 0.8747433265625 0.11780821875 0.84804928125 0.09452054843749999 0.8110882953124999 0.07671232812499999 0.8008213546875 0.06986301406249999 0.7638603703125 0.043835617187499995 0.749486653125 0.008219178125 0.7535934296875 0 0.7577002046875 0 0.8398357296875
2 0.48904109531250006 0.8993839828124999 0.509589040625 0.8706365500000001 0.53150685 0.8726899390625 0.5383561640625001 0.8993839828124999 0.558904109375 0.9055441484375001 0.58493150625 0.8870636546874999 0.5986301375 0.8542094453125 0.606849315625 0.84804928125 0.5958904109375001 0.80698151875 0.576712328125 0.772073921875 0.55205479375 0.749486653125 0.508219178125 0.7453798765624999 0.4452054796875 0.8090349078125 0.44794520625 0.8973305953124999 0.4561643828125 0.9117043125000001 0.4712328765625 0.9117043125000001 0.48904109531250006 0.8993839828124999
2 0.091780821875 0.271047228125 0.0863013703125 0.2340862421875 0.090410959375 0.219712525 0.0643835609375 0.19507186875 0.05753424687499999 0.16837782343750002 0.038356164062499996 0.1663244359375 0.0013698625 0.1909650921875 0 0.262833675 0.009589040625 0.2772073921875 0.052054793749999995 0.2895277203125 0.091780821875 0.271047228125
2 0.1945205484375 0.2032854203125 0.21643835625 0.186858315625 0.23150685000000001 0.184804928125 0.234246575 0.176591375 0.23561643906250002 0.1375770015625 0.22739726093749998 0.1232032859375 0.2191780828125 0.0821355234375 0.2109589046875 0.0698151953125 0.1890410953125 0.06570841875 0.18082191718750001 0.051334701562499994 0.165753425 0.055441478125 0.13424657499999998 0.08624230000000001 0.11643835625000001 0.13347022656250002 0.1123287671875 0.176591375 0.13972602812499998 0.17248460000000002 0.16849315 0.2012320328125 0.1945205484375 0.2032854203125
2 0.4547945203125 0.0821355234375 0.4712328765625 0.0369609859375 0.4876712328125 0.0164271046875 0.47945205468749996 0.0061601640625 0.43835616406250005 0.012320328125 0.41095890468749996 0.030800821875000002 0.3945205484375 0.026694045312499998 0.3863013703125 0.0410677625 0.38493150625 0.06776180625 0.393150684375 0.075975359375 0.43835616406250005 0.09034907656249999 0.4547945203125 0.0821355234375
2 0.706849315625 0.40862422968749995 0.7164383562500001 0.42915811093749995 0.74794520625 0.4394250515625 0.7780821921875 0.42915811093749995 0.7863013703124999 0.4188911703125 0.78219178125 0.381930184375 0.7356164390625 0.3100616015625 0.7123287671874999 0.3100616015625 0.673972603125 0.3511293640625 0.6726027390625 0.3634496921875 0.6890410953125 0.3963039015625 0.6986301375 0.40862422968749995 0.706849315625 0.40862422968749995
2 0.7356164390625 0.63039014375 0.75068493125 0.638603696875 0.7684931500000001 0.6324435312500001 0.78493150625 0.638603696875 0.7958904109375 0.6242299796874999 0.8219178078124999 0.6365503078125 0.8356164390625 0.622176590625 0.8342465750000001 0.607802875 0.826027396875 0.599589321875 0.8219178078124999 0.5667351125 0.8054794515625 0.5667351125 0.7780821921875 0.5462012328125 0.74931506875 0.5379876796875 0.7287671234374999 0.5359342921875 0.7219178078125 0.54414784375 0.71506849375 0.5585215609375 0.7164383562500001 0.5831622171874999 0.723287671875 0.6139630390625 0.7356164390625 0.63039014375
2 0.7205479453125 0.8870636546874999 0.7315068499999999 0.88911704375 0.7383561640625 0.9034907593750001 0.74794520625 0.9034907593750001 0.765753425 0.8767967140625 0.7794520546875 0.8726899390625 0.7945205484375 0.8542094453125 0.7958904109375 0.8193018484374999 0.7726027390625 0.7577002046875 0.7712328765625001 0.7412731 0.74931506875 0.7351129359375 0.7164383562500001 0.7535934296875 0.6972602734375 0.7782340859375 0.6890410953125 0.8008213546875 0.693150684375 0.856262834375 0.6972602734375 0.8644763859375001 0.7191780828125001 0.8726899390625 0.7205479453125 0.8870636546874999
2 0.78219178125 0.2094455859375 0.806849315625 0.2094455859375 0.8342465750000001 0.1560574953125 0.84794520625 0.15400410625 0.8863013703125 0.2114989734375 0.8767123281250001 0.225872690625 0.8753424656250001 0.24640657031250002 0.8671232874999999 0.262833675 0.8698630140624999 0.291581109375 0.88356164375 0.3100616015625 0.8972602734375 0.31622176562500004 0.9136986296874999 0.3121149890625 0.95068493125 0.293634496875 0.9616438359374999 0.2792607796875 0.9767123281250001 0.2772073921875 0.9890410953125001 0.2587269 0.993150684375 0.22792607812500001 0.9739726031249999 0.1704312109375 0.98493150625 0.1375770015625 0.960273971875 0.10677618124999999 0.9109589046875 0.1149897328125 0.8972602734375 0.096509240625 0.865753425 0.10061601718749999 0.7575342468749999 0.06776180625 0.7438356171875 0.06776180625 0.723287671875 0.08624230000000001 0.7273972609375 0.1355236140625 0.75068493125 0.15400410625 0.7698630140625 0.19712525625 0.78219178125 0.2094455859375
2 0.6369863015624999 0.0595482546875 0.6534246578125 0.09034907656249999 0.675342465625 0.096509240625 0.723287671875 0.0718685828125 0.724657534375 0.0246406578125 0.7328767125 0.0041067765625 0.5821917812499999 0.0020533875 0.5808219171875 0.0287474328125 0.5958904109375001 0.053388090624999995 0.6123287671875 0.06365503125000001 0.6369863015624999 0.0595482546875
2 0.9191780828124999 0.9917864468750001 0.9739726031249999 0.967145790625 0.9890410953125001 0.969199178125 0.9986301375 0.9486652984375 0.9986301375 0.8295687890625001 0.9808219171875001 0.8110882953124999 0.9383561640625 0.8213552359375 0.9205479453125 0.8583162218749999 0.9 0.8624229984375 0.8945205484375001 0.8706365500000001 0.8739726031249999 0.921971253125 0.860273971875 0.9404517453125001 0.8616438359374999 0.967145790625 0.8767123281250001 0.9815195078125001 0.9013698625 0.989733059375 0.9191780828124999 0.9917864468750001
2 0.9109589046875 0.650924025 0.9452054796875 0.650924025 0.975342465625 0.67145790625 0.98493150625 0.6940451750000001 0.9863013703125001 0.71663244375 0.9986301375 0.737166325 0.9986301375 0.556468171875 0.94794520625 0.5379876796875 0.9273972609375001 0.5400410671875 0.9328767125 0.564681725 0.9013698625 0.62833675625 0.9027397265625 0.640657084375 0.9109589046875 0.650924025
2 0.23287671250000003 0.8726899390625 0.22739726093749998 0.85010266875 0.20821917812500002 0.8357289531250001 0.1890410953125 0.8521560578124999 0.1890410953125 0.8644763859375001 0.20547945156249997 0.8993839828124999 0.21780821874999998 0.8952772078125 0.23287671250000003 0.8726899390625
2 0 0.45174537968750006 0.0205479453125 0.45174537968750006 0.042465753125 0.43737166250000004 0.036986301562500004 0.40657084218749995 0.0054794515624999995 0.400410678125 0 0.404517453125 0 0.45174537968750006