3 0.9190203125 0.1815421875 0.885371875 0.18579218749999998 0.83824375 0.18631875 0.7996765625 0.18863125 0.8023312499999999 0.22423437499999999 1 0.21667187499999999 0.9973328125 0.17704843750000002 0.9538140625 0.177771875 0.9190203125 0.1815421875
3 0.7164359375 0.2191796875 0.7185515625 0.190715625 0.6904203125 0.1906390625 0.6527046875 0.18412656249999998 0.6256890625 0.1992078125 0.5783359375 0.19802187499999999 0.552203125 0.189746875 0.49676093750000005 0.1902796875 0.4975203125 0.1998875 0.48794531250000006 0.21402187499999997 0.502765625 0.21402187499999997 0.5164484375 0.2265625 0.7164359375 0.2191796875
3 0.071659375 0.2182 0.053521875 0.225409375 0.0297453125 0.22774375 0.050865625000000005 0.2569640625 0.073015625 0.27453125 0.09762968749999999 0.24911875 0.137778125 0.2252515625 0.155890625 0.22739531249999997 0.18592031250000002 0.20736875000000002 0.2113875 0.2097734375 0.24729687500000003 0.21752031249999998 0.3324203125 0.2206875 0.34770625 0.2127328125 0.3578875 0.19916406250000002 0.3237890625 0.1944359375 0.3008640625 0.1966515625 0.265890625 0.18810312499999998 0.2361875 0.1717828125 0.20988437499999998 0.1667609375 0.17915 0.13632187499999998 0.162321875 0.140728125 0.156046875 0.182484375 0.12729531249999998 0.193228125 0.0842421875 0.20391875 0.071659375 0.2182
3 0.66953125 0.0984375 0.609375 0.0984375 0.609375 0.15 0.66953125 0.15 0.66953125 0.0984375
3 0.44921875 0.0921875 0.3921875 0.0921875 0.3921875 0.13984375 0.44921875 0.13984375 0.44921875 0.0921875
3 0.3125 0.0203125 0.2671875 0.0203125 0.2671875 0.0484375 0.3125 0.0484375 0.3125 0.0203125
3 0.38203125 0.05625 0.3484375 0.05625 0.3484375 0.0765625 0.38203125 0.0765625 0.38203125 0.05625
3 0.4796875 0.0875 0.459375 0.0875 0.459375 0.10234375 0.4796875 0.10234375 0.4796875 0.0875
3 0.52421875 0.1046875 0.4875 0.1046875 0.4875 0.1234375 0.52421875 0.1234375 0.52421875 0.1046875
3 0.22734375 0.1 0.203125 0.1 0.203125 0.121875 0.22734375 0.121875 0.22734375 0.1
3 0.94765625 0.04375 0.9296875 0.04375 0.9296875 0.05859375 0.94765625 0.05859375 0.94765625 0.04375
3 0.87109375 0.115625 0.8546875 0.115625 0.8546875 0.1328125 0.87109375 0.1328125 0.87109375 0.115625
3 0 0.21640625 0.05 0.21640625 0.05 0.121875 0 0.121875 0 0.21640625
3 0.48203125 0.028125 0.459375 0.028125 0.459375 0.0484375 0.48203125 0.0484375 0.48203125 0.028125