3 0.481221875 0.15108125 0.464521875 0.1258890625 0.451796875 0.1317515625 0.4629609375 0.1733546875 0.5841734375 0.1584390625 0.581578125 0.11788593750000001 0.5241796875 0.1344796875 0.4897125 0.14046406250000001 0.481221875 0.15108125
3 0.229734375 0.5345890625 0.10778593750000001 0.619315625 0.008749999999999999 0.6861578125000001 0.019253125 0.70240625 0.24167343749999998 0.5625875 0.229734375 0.5345890625
3 0.360515625 0.4159 0.301628125 0.4719515625 0.27372968750000004 0.5024859375 0.289959375 0.5169125 0.38433125 0.419459375 0.42996718749999996 0.347375 0.46333906249999995 0.27223593749999997 0.46809687499999997 0.2239625 0.46853125 0.1813625 0.45524062499999995 0.19036875 0.4516046875 0.2562859375 0.4407671875 0.275253125 0.4269859375 0.3118171875 0.3931234375 0.3713171875 0.360515625 0.4159
3 0.1640625 0.40625 0.1375 0.40625 0.1375 0.43046875 0.1640625 0.43046875 0.1640625 0.40625
3 0.1859375 0.4 0.16875 0.4 0.16875 0.41875 0.1859375 0.41875 0.1859375 0.4
3 0 0.584375 0.0234375 0.584375 0.0234375 0.5546875 0 0.5546875 0 0.584375
3 0.0578125 0.5625 0.0421875 0.5625 0.0421875 0.5796875 0.0578125 0.5796875 0.0578125 0.5625
3 0.09921875 0.565625 0.0671875 0.565625 0.0671875 0.60390625 0.09921875 0.60390625 0.09921875 0.565625
3 0.19609375 0.50625 0.165625 0.50625 0.165625 0.540625 0.19609375 0.540625 0.19609375 0.50625
3 0.13125 0.546875 0.0984375 0.546875 0.0984375 0.56328125 0.13125 0.56328125 0.13125 0.546875
3 0.21640625 0.0625 0.196875 0.0625 0.196875 0.08046875 0.21640625 0.08046875 0.21640625 0.0625
3 0.3421875 0.221875 0.3203125 0.221875 0.3203125 0.253125 0.3421875 0.253125 0.3421875 0.221875
3 0.3703125 0 0.3703125 0.04375 0.390625 0.04375 0.390625 0 0.3703125 0
3 0.38984375 0.0890625 0.3734375 0.0890625 0.3734375 0.13203125 0.38984375 0.13203125 0.38984375 0.0890625
3 0.3640625 0.1578125 0.346875 0.1578125 0.346875 0.17734375 0.3640625 0.17734375 0.3640625 0.1578125
3 0.378125 0.1203125 0.3640625 0.1203125 0.3640625 0.13984375 0.378125 0.13984375 0.378125 0.1203125
3 0.4390625 0.2390625 0.4234375 0.2390625 0.4234375 0.26328125 0.4390625 0.26328125 0.4390625 0.2390625
3 0.4015625 0.225 0.390625 0.225 0.390625 0.2453125 0.4015625 0.2453125 0.4015625 0.225
3 0.43046875 0.1046875 0.4125 0.1046875 0.4125 0.134375 0.43046875 0.134375 0.43046875 0.1046875
3 0.46171875 0.0359375 0.440625 0.0359375 0.440625 0.05390625 0.46171875 0.05390625 0.46171875 0.0359375
3 0.55078125 0.059375 0.528125 0.059375 0.528125 0.09296875 0.55078125 0.09296875 0.55078125 0.059375
3 0.38203125 0.2578125 0.365625 0.2578125 0.365625 0.26953125 0.38203125 0.26953125 0.38203125 0.2578125
3 0.390625 0.2828125 0.378125 0.2828125 0.378125 0.2984375 0.390625 0.2984375 0.390625 0.2828125
3 0.04453125 0.715625 0.0234375 0.715625 0.0234375 0.7453125 0.04453125 0.7453125 0.04453125 0.715625
3 0.06796875 0.7546875 0.05625 0.7546875 0.05625 0.775 0.06796875 0.775 0.06796875 0.7546875