3 0 0.890265625 0.42031718749999997 0.8864656249999999 0.7442109375 0.8843562500000001 1 0.8784875 0.9971421875 0.5501765625 0.8579453125000001 0.5513734375 0.5741703125 0.5581015625 0.44948125 0.5602171874999999 0.3801671875 0.56358125 0.30024375000000003 0.5615234375 0.189978125 0.5600796875 0 0.549953125 0 0.890265625
3 1 0.16460625 0.9780312500000001 0.18943749999999998 0.9334843749999999 0.2445015625 0.9075031250000001 0.3003734375 0.8916265624999999 0.341590625 0.902809375 0.3869625 0.9104140624999999 0.4380484375 0.8997515625 0.480509375 0.9159843750000001 0.49747343749999995 0.9771171875 0.47768437500000005 1 0.3372984375 1 0.16460625
3 0.7591546874999999 0 0.7822640625 0.08339687500000001 0.7987234375 0.0974046875 0.8002750000000001 0.141096875 0.770725 0.1953015625 0.7751609375 0.2530640625 0.77695625 0.29231562499999997 0.7755765625000001 0.3426046875 0.75779375 0.3414359375 0.75039375 0.3772375 0.7668375000000001 0.415984375 0.7635890625 0.439115625 0.77051875 0.4807328125 0.7919562499999999 0.49522187500000003 0.8158125 0.496384375 0.8267234374999999 0.4533046875 0.8226609375 0.43059843750000004 0.837103125 0.3857765625 0.8693890625 0.2793515625 0.8841671874999999 0.195071875 0.9115875000000001 0.12032812500000001 0.9351765625 0.007359375 0.9159203125 0 0.7591546874999999 0
3 0.9429796874999999 0 0.922615625 0.09928437500000001 0.9585515625 0.1952328125 1 0.14183125000000002 1 0 0.9429796874999999 0
3 0.7311468750000001 0.29054531250000004 0.7441078125 0.27211875 0.7588250000000001 0.2077890625 0.7956671875 0.1378359375 0.7841265625 0.07046875 0.751978125 0.014671875000000001 0.6602828125 0.07799375 0.670075 0.2765328125 0.7311468750000001 0.29054531250000004
3 0.6125 0.396875 0.540625 0.396875 0.540625 0.4640625 0.6125 0.4640625 0.6125 0.396875
3 0.1796875 0.18125 0.003125 0.18125 0.003125 0.35703125 0.1796875 0.35703125 0.1796875 0.18125
3 0.11484375 0.3921875 0.034375 0.3921875 0.034375 0.49296875 0.11484375 0.49296875 0.11484375 0.3921875
3 0.34765625 0.3796875 0.203125 0.3796875 0.203125 0.478125 0.34765625 0.478125 0.34765625 0.3796875
3 0.48984375 0.3578125 0.4390625 0.3578125 0.4390625 0.48515625 0.48984375 0.48515625 0.48984375 0.3578125
3 0.403125 0.0484375 0.3625 0.0484375 0.3625 0.146875 0.403125 0.146875 0.403125 0.0484375
3 0.4328125 0.1140625 0.409375 0.1140625 0.409375 0.15390625 0.4328125 0.15390625 0.4328125 0.1140625
3 0.4640625 0.1375 0.45 0.1375 0.45 0.16640625 0.4640625 0.16640625 0.4640625 0.1375
3 0.6796875 0.3265625 0.6578125 0.3265625 0.6578125 0.38203125 0.6796875 0.38203125 0.6796875 0.3265625
3 0.91953125 0.1703125 0.8828125 0.1703125 0.8828125 0.25546875 0.91953125 0.25546875 0.91953125 0.1703125