3 0.73046875 0.096875 0.646875 0.096875 0.646875 0.16640625 0.73046875 0.16640625 0.73046875 0.096875
3 0.92109375 0.046875 0.8671875 0.046875 0.8671875 0.1375 0.92109375 0.1375 0.92109375 0.046875
3 0.206984375 0.4502484375 0.2089375 0.47650156250000003 0.2005671875 0.4942984375 0.21528593749999997 0.5239421875 0.21528593749999997 0.53815 0.23508749999999998 0.5915265625 0.252371875 0.6124234375000001 0.22170312499999997 0.670871875 0.218603125 0.7448828125 0.2373359375 0.79713125 0.24337343749999998 0.8922640625 0.27618125 1 0.3704265625 0.9877 0.400359375 0.9124546875 0.3722171875 0.8811562500000001 0.5134000000000001 0.72864375 0.6127859375 0.6427906250000001 0.5800390625 0.35289375 0.462859375 0.23496562499999998 0.41920156249999996 0.256659375 0.408590625 0.3274546875 0.33916875 0.38740312499999996 0.27414218749999997 0.3858109375 0.2767546875 0.4438671875 0.206984375 0.4502484375
3 0.78046875 0.025 0.7578125 0.025 0.7578125 0.04453125 0.78046875 0.04453125 0.78046875 0.025
3 0.22109375 0.025 0.19375 0.025 0.19375 0.05 0.22109375 0.05 0.22109375 0.025
3 0.5609375 0 0.5609375 0.0171875 0.5921875 0.0171875 0.5921875 0 0.5609375 0
3 0.67109375 0.6796875 0.61875 0.6796875 0.61875 0.71328125 0.67109375 0.71328125 0.67109375 0.6796875
3 0.8 0.2375 0.775 0.2375 0.775 0.259375 0.8 0.259375 0.8 0.2375
3 0.48046875 0.88125 0.459375 0.88125 0.459375 0.89609375 0.48046875 0.89609375 0.48046875 0.88125
3 0.63671875 0.9 0.6140625 0.9 0.6140625 0.9140625 0.63671875 0.9140625 0.63671875 0.9
3 0.56953125 0.2171875 0.54375 0.2171875 0.54375 0.2453125 0.56953125 0.2453125 0.56953125 0.2171875