3 0.8015625 0 0.8015625 0.015625 0.8296875 0.015625 0.8296875 0 0.8015625 0
3 0.2046875 0.09375 0.1546875 0.09375 0.1546875 0.1734375 0.2046875 0.1734375 0.2046875 0.09375
3 0.80625 0.034375 0.703125 0.034375 0.703125 0.1421875 0.80625 0.1421875 0.80625 0.034375
3 0.31796875 0.4640625 0.3015625 0.4640625 0.3015625 0.49296875 0.31796875 0.49296875 0.31796875 0.4640625
3 0.721875 0.4234375 0.6609375 0.4234375 0.6609375 0.47265625 0.721875 0.47265625 0.721875 0.4234375
3 0.83203125 0.2234375 0.796875 0.2234375 0.796875 0.2609375 0.83203125 0.2609375 0.83203125 0.2234375
3 0.40703125 0.209375 0.3796875 0.209375 0.3796875 0.2484375 0.40703125 0.2484375 0.40703125 0.209375
3 0.08203125 0.91875 0.0421875 0.91875 0.0421875 0.9828125 0.08203125 0.9828125 0.08203125 0.91875
3 0 0.83046875 0.065625 0.83046875 0.065625 0.784375 0 0.784375 0 0.83046875
3 0.14140625 0.1421875 0.11875 0.1421875 0.11875 0.17109375 0.14140625 0.17109375 0.14140625 0.1421875
3 0 0.16328125 0.02734375 0.16328125 0.02734375 0.109375 0 0.109375 0 0.16328125
3 0.08125 0 0.08125 0.01875 0.0953125 0.01875 0.0953125 0 0.08125 0
3 0.14140625 0.034375 0.1328125 0.034375 0.1328125 0.05234375 0.14140625 0.05234375 0.14140625 0.034375
3 0.38359375 0.015625 0.371875 0.015625 0.371875 0.04375 0.38359375 0.04375 0.38359375 0.015625
3 0.41015625 0.73125 0.3828125 0.73125 0.3828125 0.75859375 0.41015625 0.75859375 0.41015625 0.73125
3 0.265625 0.5875 0.2390625 0.5875 0.2390625 0.6171875 0.265625 0.6171875 0.265625 0.5875
3 0.6125 0.8 0.5859375 0.8 0.5859375 0.8328125 0.6125 0.8328125 0.6125 0.8
3 0.21171875 0.871875 0.1765625 0.871875 0.1765625 0.909375 0.21171875 0.909375 0.21171875 0.871875
3 0.21796875 0.684375 0.184375 0.684375 0.184375 0.74140625 0.21796875 0.74140625 0.21796875 0.684375
3 0.07890625 0.646875 0.0578125 0.646875 0.0578125 0.68828125 0.07890625 0.68828125 0.07890625 0.646875
3 0.109375 0.459375 0.078125 0.459375 0.078125 0.48359375 0.109375 0.48359375 0.109375 0.459375
3 0.20390625 0.340625 0.178125 0.340625 0.178125 0.384375 0.20390625 0.384375 0.20390625 0.340625
3 0.48203125 0.746875 0.4359375 0.746875 0.4359375 0.78359375 0.48203125 0.78359375 0.48203125 0.746875
3 0.4421875 0.6125 0.4171875 0.6125 0.4171875 0.65546875 0.4421875 0.65546875 0.4421875 0.6125
3 0.39453125 0.8953125 0.353125 0.8953125 0.353125 0.9484375 0.39453125 0.9484375 0.39453125 0.8953125
3 0.3046875 0.871875 0.2703125 0.871875 0.2703125 0.9046875 0.3046875 0.9046875 0.3046875 0.871875
3 0.90234375 0.6234375 0.865625 0.6234375 0.865625 0.66484375 0.90234375 0.66484375 0.90234375 0.6234375
3 0.796875 0.34375 0.7640625 0.34375 0.7640625 0.4046875 0.796875 0.4046875 0.796875 0.34375
3 0.67109375 0.6109375 0.6484375 0.6109375 0.6484375 0.640625 0.67109375 0.640625 0.67109375 0.6109375
3 0.925 1 0.925 0.94375 0.8703125 0.94375 0.8703125 1 0.925 1
3 0.87890625 0.75625 0.84375 0.75625 0.84375 0.8328125 0.87890625 0.8328125 0.87890625 0.75625
3 0.94921875 0.8421875 0.928125 0.8421875 0.928125 0.86796875 0.94921875 0.86796875 0.94921875 0.8421875
3 0.99921875 0.8453125 0.9703125 0.8453125 0.9703125 0.8796875 0.99921875 0.8796875 0.99921875 0.8453125
3 0.79765625 0.4765625 0.78125 0.4765625 0.78125 0.503125 0.79765625 0.503125 0.79765625 0.4765625
3 0.60390625 0.490625 0.584375 0.490625 0.584375 0.51796875 0.60390625 0.51796875 0.60390625 0.490625
3 0.55703125 0.471875 0.5328125 0.471875 0.5328125 0.5078125 0.55703125 0.5078125 0.55703125 0.471875
3 0.40703125 0.8078125 0.3859375 0.8078125 0.3859375 0.85703125 0.40703125 0.85703125 0.40703125 0.8078125
3 0.72734375 0.7421875 0.69375 0.7421875 0.69375 0.78828125 0.72734375 0.78828125 0.72734375 0.7421875
3 0.740625 0.6828125 0.70625 0.6828125 0.70625 0.71875 0.740625 0.71875 0.740625 0.6828125
3 0.63515625 0.646875 0.615625 0.646875 0.615625 0.6703125 0.63515625 0.6703125 0.63515625 0.646875
3 0.771875 0.890625 0.746875 0.890625 0.746875 0.9203125 0.771875 0.9203125 0.771875 0.890625
3 0.90625 0.384375 0.8890625 0.384375 0.8890625 0.40546875 0.90625 0.40546875 0.90625 0.384375
3 1 0.0328125 0.9828125 0.0328125 0.9828125 0.05625 1 0.05625 1 0.0328125
3 0.5171875 0.29375 0.4984375 0.29375 0.4984375 0.3125 0.5171875 0.3125 0.5171875 0.29375
3 0.5625 0.15 0.5328125 0.15 0.5328125 0.1765625 0.5625 0.1765625 0.5625 0.15
3 0.61953125 0.065625 0.5609375 0.065625 0.5609375 0.11328125 0.61953125 0.11328125 0.61953125 0.065625
3 0.54765625 0.7328125 0.5234375 0.7328125 0.5234375 0.7640625 0.54765625 0.7640625 0.54765625 0.7328125
3 0.69453125 0.859375 0.6765625 0.859375 0.6765625 0.8953125 0.69453125 0.8953125 0.69453125 0.859375
3 1 0.7515625 0.9859375 0.7515625 0.9859375 0.778125 1 0.778125 1 0.7515625
3 0.3484375 0.2265625 0.3359375 0.2265625 0.3359375 0.240625 0.3484375 0.240625 0.3484375 0.2265625
3 0.51875 0.5234375 0.50625 0.5234375 0.50625 0.540625 0.51875 0.540625 0.51875 0.5234375
3 0.72421875 0.1796875 0.70625 0.1796875 0.70625 0.20859375 0.72421875 0.20859375 0.72421875 0.1796875
3 0.30703125 0.5609375 0.2859375 0.5609375 0.2859375 0.6109375 0.30703125 0.6109375 0.30703125 0.5609375
3 0.30078125 0.5125 0.2578125 0.5125 0.2578125 0.53984375 0.30078125 0.53984375 0.30078125 0.5125
3 0.12890625 0.578125 0.115625 0.578125 0.115625 0.59765625 0.12890625 0.59765625 0.12890625 0.578125
3 0.2015625 0.6 0.1734375 0.6 0.1734375 0.6203125 0.2015625 0.6203125 0.2015625 0.6
3 0.1109375 0.675 0.0984375 0.675 0.0984375 0.7 0.1109375 0.7 0.1109375 0.675
3 0.075 0.85625 0.0578125 0.85625 0.0578125 0.88671875 0.075 0.88671875 0.075 0.85625
3 0.4703125 0.89375 0.446875 0.89375 0.446875 0.925 0.4703125 0.925 0.4703125 0.89375
3 0.83828125 0.953125 0.815625 0.953125 0.815625 0.971875 0.83828125 0.971875 0.83828125 0.953125
3 0.61875 0.153125 0.5671875 0.153125 0.5671875 0.25234375 0.61875 0.25234375 0.61875 0.153125
3 0.6953125 0.2109375 0.6765625 0.2109375 0.6765625 0.2734375 0.6953125 0.2734375 0.6953125 0.2109375
3 0.61015625 0.6625 0.578125 0.6625 0.578125 0.7171875 0.61015625 0.7171875 0.61015625 0.6625
3 0.90546875 0.578125 0.84375 0.578125 0.84375 0.6171875 0.90546875 0.6171875 0.90546875 0.578125
3 0.321875 0.6453125 0.284375 0.6453125 0.284375 0.6796875 0.321875 0.6796875 0.321875 0.6453125
3 0.56953125 0.60625 0.5515625 0.60625 0.5515625 0.62734375 0.56953125 0.62734375 0.56953125 0.60625
3 0.471875 0.61875 0.45 0.61875 0.45 0.6484375 0.471875 0.6484375 0.471875 0.61875
3 0.409375 0.4140625 0.4 0.4140625 0.4 0.4390625 0.409375 0.4390625 0.409375 0.4140625
3 0.15625 0.4375 0.1421875 0.4375 0.1421875 0.45390625 0.15625 0.45390625 0.15625 0.4375
3 0.096875 0.2703125 0.0609375 0.2703125 0.0609375 0.30859375 0.096875 0.30859375 0.096875 0.2703125
3 0.56015625 0.40625 0.540625 0.40625 0.540625 0.42890625 0.56015625 0.42890625 0.56015625 0.40625
3 0.88671875 0.30625 0.8734375 0.30625 0.8734375 0.33203125 0.88671875 0.33203125 0.88671875 0.30625
3 0.7109375 0.01875 0.68125 0.01875 0.68125 0.0453125 0.7109375 0.0453125 0.7109375 0.01875
3 0.709375 0.1171875 0.659375 0.1171875 0.659375 0.16171875 0.709375 0.16171875 0.709375 0.1171875