3 1 0.7112921875 0.9668609375000001 0.703165625 0.8737656250000001 0.709090625 0.8388703124999999 0.691978125 0.7756078125 0.702328125 0.7391203125 0.6828890624999999 0.71141875 0.6895140625 0.6402187500000001 0.692803125 0.5857187500000001 0.70878125 0.4915375 0.6758515625 0.4355953125 0.682309375 0.39382968749999997 0.6746875 0.3234328125 0.670659375 0.296971875 0.647059375 0.2665203125 0.6541765625 0.1887140625 0.659809375 0.1296734375 0.6485140625 0.08963750000000001 0.6528125 0.048621874999999995 0.6533796875 0 0.6393390625 0 0.7313390625 0.0989046875 0.764584375 0.194715625 0.7694390624999999 0.26078437499999996 0.772446875 0.3516015625 0.781490625 0.4273015625 0.79118125 0.5121796875 0.80189375 0.5976 0.8019390625 0.6610031249999999 0.8037093750000001 0.7703562500000001 0.8097218749999999 0.8394015625 0.8088328125 0.8765671875000001 0.8056875 0.902578125 0.8034234375 0.9516031249999999 0.8076531250000001 0.9985609375 0.8090734375 1 0.820346875 1 0.7112921875
3 0.1703125 0.2421875 0.0859375 0.2421875 0.0859375 0.353125 0.1703125 0.353125 0.1703125 0.2421875
3 0.21875 0.396875 0.15 0.396875 0.15 0.5015625 0.21875 0.5015625 0.21875 0.396875
3 0.18203125 0.5203125 0.140625 0.5203125 0.140625 0.57421875 0.18203125 0.57421875 0.18203125 0.5203125
3 0.4109375 0.59375 0.3515625 0.59375 0.3515625 0.6453125 0.4109375 0.6453125 0.4109375 0.59375
3 0.57265625 0.375 0.39375 0.375 0.39375 0.55546875 0.57265625 0.55546875 0.57265625 0.375
3 0.86484375 0.26875 0.5984375 0.26875 0.5984375 0.58359375 0.86484375 0.58359375 0.86484375 0.26875
3 0.97109375 0.4375 0.8859375 0.4375 0.8859375 0.5671875 0.97109375 0.5671875 0.97109375 0.4375
3 0.9828125 0.5625 0.9546875 0.5625 0.9546875 0.596875 0.9828125 0.596875 0.9828125 0.5625
3 1 0.665625 0.934375 0.665625 0.934375 0.6953125 1 0.6953125 1 0.665625
3 0.50703125 0.5734375 0.4609375 0.5734375 0.4609375 0.603125 0.50703125 0.603125 0.50703125 0.5734375
3 0.67421875 0.65625 0.65 0.65625 0.65 0.68828125 0.67421875 0.68828125 0.67421875 0.65625
3 0.396875 0.309375 0.3671875 0.309375 0.3671875 0.384375 0.396875 0.384375 0.396875 0.309375
3 0.38046875 0.1046875 0.35 0.1046875 0.35 0.15859375 0.38046875 0.15859375 0.38046875 0.1046875
3 0.3546875 0.2265625 0.3171875 0.2265625 0.3171875 0.27109375 0.3546875 0.27109375 0.3546875 0.2265625
3 0.68203125 0.1 0.6546875 0.1 0.6546875 0.140625 0.68203125 0.140625 0.68203125 0.1
3 0.05546875 0.346875 0.0421875 0.346875 0.0421875 0.37265625 0.05546875 0.37265625 0.05546875 0.346875
3 0.04765625 0.29375 0.0265625 0.29375 0.0265625 0.3140625 0.04765625 0.3140625 0.04765625 0.29375
3 0.27316250000000003 0.5467234375000001 0.260984375 0.5293421875 0.25194218749999997 0.52705 0.24836249999999999 0.539190625 0.255653125 0.5677171875 0.2612078125 0.5601890625 0.27316250000000003 0.5467234375000001
3 0.3148171875 0.419459375 0.3084359375 0.40258281250000005 0.29955625 0.40419218749999997 0.292025 0.40925781250000004 0.290775 0.4215171875 0.30420625 0.432090625 0.3148171875 0.419459375
3 0.0125390625 0.5752640625 0.019909375 0.5897203125 0.029715625000000002 0.597596875 0.034978125 0.5879734375 0.033140625 0.57845 0.0239484375 0.5638703125 0.0131953125 0.5591296875 0.0125390625 0.5752640625
3 0.113078125 0.618415625 0.1209078125 0.6181046875 0.1268875 0.6064734374999999 0.11992031249999999 0.5921453125 0.11859843750000001 0.5913796875 0.1122203125 0.5945843749999999 0.1110984375 0.603240625 0.113078125 0.618415625
3 0.485253125 0.05916249999999999 0.477475 0.0403734375 0.4724328125 0.0467828125 0.47682343749999995 0.0762 0.4811375 0.10061875 0.5014484375 0.092875 0.519390625 0.075778125 0.5097171875 0.062435937500000004 0.485253125 0.05916249999999999
3 0.2081640625 0.0287375 0.21944375 0.0332390625 0.22160312499999998 0.017064062499999998 0.21199531249999998 0.011425000000000001 0.2081640625 0.0287375
3 0.9964328124999999 0.09098125 0.9915484375 0.0732140625 0.9781625 0.071803125 0.971684375 0.084925 0.97523125 0.1088109375 0.9964328124999999 0.09098125
3 0.9130046875 0.2394359375 0.9138765624999999 0.264909375 0.9235609374999999 0.27784375 0.9377953124999999 0.258921875 0.9397890625 0.25049062499999997 0.9276249999999999 0.236653125 0.9130046875 0.2394359375
3 0.5595109375 0.5441281250000001 0.5818359375 0.5798171875 0.60536875 0.558496875 0.594903125 0.5293421875 0.5700796875 0.5319515625 0.5595109375 0.5441281250000001
3 0.882296875 0.3525796875 0.863146875 0.37884687499999997 0.8718656250000001 0.4162125 0.895540625 0.440975 0.9245078124999999 0.436165625 0.9255609375 0.41604374999999993 0.9236187499999999 0.3925875 0.8951484375 0.3532265625 0.882296875 0.3525796875
3 1 0.45560156249999995 0.9876984375 0.44600937500000004 0.9880718749999999 0.4688140625 1 0.47409999999999997 1 0.45560156249999995
3 0.244171875 0.19584375 0.25059375 0.1825765625 0.23632187500000001 0.1651953125 0.219559375 0.1924421875 0.2162546875 0.219996875 0.23026249999999998 0.23938125000000002 0.235065625 0.24459375 0.2535328125 0.22890000000000002 0.24541093749999998 0.21186875 0.244171875 0.19584375
3 0.1055203125 0 0.1055203125 0.005409375 0.123646875 0.017064062499999998 0.12829531249999998 0 0.1055203125 0
3 0.76171875 0.1 0.7484375 0.1 0.7484375 0.11796875 0.76171875 0.11796875 0.76171875 0.1
3 0.70390625 0.0078125 0.6828125 0.0078125 0.6828125 0.053125 0.70390625 0.053125 0.70390625 0.0078125
3 0.6046875 0.04375 0.5671875 0.04375 0.5671875 0.08828125 0.6046875 0.08828125 0.6046875 0.04375
3 0.5671875 0.2484375 0.5421875 0.2484375 0.5421875 0.28046875 0.5671875 0.28046875 0.5671875 0.2484375
3 0.61640625 0.2390625 0.5875 0.2390625 0.5875 0.2734375 0.61640625 0.2734375 0.61640625 0.2390625
3 0.703125 0.215625 0.690625 0.215625 0.690625 0.253125 0.703125 0.253125 0.703125 0.215625
3 0.3140625 0.1125 0.2828125 0.1125 0.2828125 0.1484375 0.3140625 0.1484375 0.3140625 0.1125
3 0.275 0.5890625 0.2609375 0.5890625 0.2609375 0.625 0.275 0.625 0.275 0.5890625
3 0.10546875 0.5484375 0.09375 0.5484375 0.09375 0.5859375 0.10546875 0.5859375 0.10546875 0.5484375
3 0.0578125 0.5953125 0.046875 0.5953125 0.046875 0.61953125 0.0578125 0.61953125 0.0578125 0.5953125
3 0.45703125 0.2984375 0.44375 0.2984375 0.44375 0.32421875 0.45703125 0.32421875 0.45703125 0.2984375
3 0.525 0.3234375 0.5015625 0.3234375 0.5015625 0.35625 0.525 0.35625 0.525 0.3234375
3 0.56953125 0.34375 0.534375 0.34375 0.534375 0.38515625 0.56953125 0.38515625 0.56953125 0.34375
3 0.62734375 0.5921875 0.6078125 0.5921875 0.6078125 0.60703125 0.62734375 0.60703125 0.62734375 0.5921875