3 0.8890625 0.0734375 0.5984375 0.0734375 0.5984375 0.996875 0.8890625 0.996875 0.8890625 0.0734375
3 0.30625 0.0796875 0.0921875 0.0796875 0.0921875 0.64453125 0.30625 0.64453125 0.30625 0.0796875
3 0.99921875 0.7796875 0.9609375 0.7796875 0.9609375 0.921875 0.99921875 0.921875 0.99921875 0.7796875
3 1 0.96875 0.9796875 0.96875 0.9796875 1 1 1 1 0.96875
3 0.57265625 0.3796875 0.54375 0.3796875 0.54375 0.4203125 0.57265625 0.4203125 0.57265625 0.3796875
3 0.571875 0.4453125 0.5265625 0.4453125 0.5265625 0.49609375 0.571875 0.49609375 0.571875 0.4453125
3 0.5828125 0.490625 0.55625 0.490625 0.55625 0.55078125 0.5828125 0.55078125 0.5828125 0.490625
3 0.3921875 0.5484375 0.35625 0.5484375 0.35625 0.58203125 0.3921875 0.58203125 0.3921875 0.5484375
3 0 0.54375 0.0453125 0.54375 0.0453125 0.490625 0 0.490625 0 0.54375
3 0.25703125 0.0046875 0.2234375 0.0046875 0.2234375 0.05 0.25703125 0.05 0.25703125 0.0046875
3 0.4921875 1 0.4921875 0.9484375 0.4578125 0.9484375 0.4578125 1 0.4921875 1
3 0.35 1 0.35 0.9703125 0.3125 0.9703125 0.3125 1 0.35 1
3 0.52421875 0.6328125 0.4953125 0.6328125 0.4953125 0.6640625 0.52421875 0.6640625 0.52421875 0.6328125
3 0.2359375 0.871875 0.190625 0.871875 0.190625 0.93671875 0.2359375 0.93671875 0.2359375 0.871875
3 0.26640625 0.928125 0.2375 0.928125 0.2375 0.98828125 0.26640625 0.98828125 0.26640625 0.928125
3 0.0296875 0.575 0.003125 0.575 0.003125 0.60625 0.0296875 0.60625 0.0296875 0.575