3 0.215625 0.340625 0.1484375 0.340625 0.1484375 0.44609375 0.215625 0.44609375 0.215625 0.340625
3 0.50078125 0.0625 0.4671875 0.0625 0.4671875 0.2015625 0.50078125 0.2015625 0.50078125 0.0625
3 0.58046875 0.278125 0.546875 0.278125 0.546875 0.33828125 0.58046875 0.33828125 0.58046875 0.278125
3 0.81328125 0.51875 0.73125 0.51875 0.73125 0.62421875 0.81328125 0.62421875 0.81328125 0.51875
3 0.56953125 0.75625 0.5453125 0.75625 0.5453125 0.79921875 0.56953125 0.79921875 0.56953125 0.75625
3 0.60703125 0.7984375 0.5734375 0.7984375 0.5734375 0.846875 0.60703125 0.846875 0.60703125 0.7984375
3 0.206571875 0.603365625 0.2354171875 0.5961531250000001 0.271475 0.39182656250000003 0.22820625 0.3677890625 0.2161859375 0.45673125 0.14407187500000002 0.45192343749999997 0.206571875 0.603365625
3 0.324359375 0.603365625 0.37724375 0.5769234375 0.3387828125 0.4014421875 0.2955140625 0.439903125 0.281090625 0.540865625 0.33157187499999996 0.5384609375 0.324359375 0.603365625
3 0.4036859375 0.41826875 0.396475 0.5697109375 0.4205140625 0.615384375 0.461378125 0.584134375 0.4036859375 0.41826875
3 0.5921875 0.53125 0.5390625 0.53125 0.5390625 0.60078125 0.5921875 0.60078125 0.5921875 0.53125
3 0.51875 0.5453125 0.4734375 0.5453125 0.4734375 0.57421875 0.51875 0.57421875 0.51875 0.5453125
3 0.521875 0.8921875 0.4953125 0.8921875 0.4953125 0.928125 0.521875 0.928125 0.521875 0.8921875
3 0.859375 0.690625 0.81875 0.690625 0.81875 0.7671875 0.859375 0.7671875 0.859375 0.690625
3 0.81328125 0.6921875 0.7890625 0.6921875 0.7890625 0.73046875 0.81328125 0.73046875 0.81328125 0.6921875
3 0.5421875 0.39375 0.5109375 0.39375 0.5109375 0.41328125 0.5421875 0.41328125 0.5421875 0.39375
3 0 0 0 0.01875 0.1046875 0.01875 0.1046875 0 0 0
3 0.18125 0 0.18125 0.15625 0.25546875 0.15625 0.25546875 0 0.18125 0
3 0 0.19375 0.053125 0.19375 0.053125 0.0359375 0 0.0359375 0 0.19375