3 0.9640625 0.45078125 0.94921875 0.4328125 0.89765625 0.43125 0.87421875 0.4359375 0.85625 0.45703125 0.8484375 0.56328125 0.825 0.71015625 0.8203125 0.80234375 0.7953125 0.99921875 0.93125 0.99921875 0.9515625 0.88828125 0.9984375 0.52265625 0.9515625 0.49296875 0.9640625 0.45078125
3 0.5703125 0.06640625 0.6421875 0.99765625 0.753125 0.99921875 0.6984375 0.00703125 0.57734375 0.00625 0.5703125 0.01484375 0.5703125 0.06640625
3 0.4625 0.32421875 0.46875 0.30703125 0.45546875 0.290625 0.4484375 0.30078125 0.44375 0.34140625 0.4390625 0.58203125 0.44375 0.68984375 0.4359375 0.99921875 0.5296875 0.99921875 0.5625 0.34921875 0.51640625 0.3390625 0.46796875 0.3453125 0.4625 0.32421875
3 0.3984375 0.46640625 0.39375 0.52890625 0.38671875 0.5375 0.35390625 0.540625 0.35 0.56953125 0.3546875 0.74609375 0.3515625 0.99921875 0.4234375 0.99921875 0.4390625 0.52890625 0.43828125 0.35625 0.4140625 0.38203125 0.3984375 0.46640625
3 0.29375 0.63359375 0.2890625 0.65078125 0.29375 0.99921875 0.34375 0.99921875 0.3453125 0.63984375 0.33671875 0.63125 0.30078125 0.63125 0.29375 0.63359375
3 0.24921875 0.4765625 0.2453125 0.48515625 0.2453125 0.99921875 0.28125 0.99921875 0.2859375 0.48984375 0.284375 0.47734375 0.27109375 0.4734375 0.24921875 0.4765625
3 0.209375 0.44453125 0.2078125 0.56796875 0.2109375 0.94296875 0.215625 0.99921875 0.240625 0.99921875 0.2421875 0.43515625 0.23984375 0.428125 0.21640625 0.4265625 0.209375 0.44453125
3 0.18515625 0.3046875 0.175 0.31171875 0.184375 0.89453125 0.1875 0.96171875 0.19296875 0.9703125 0.20625 0.96953125 0.2109375 0.96328125 0.2109375 0.86484375 0.2015625 0.30859375 0.18515625 0.3046875
3 0.16328125 0.4484375 0.15625 0.45390625 0.1546875 0.47109375 0.1609375 0.82890625 0.1671875 0.89296875 0.178125 0.89921875 0.184375 0.86640625 0.1765625 0.48359375 0.175 0.45078125 0.16328125 0.4484375
3 0.14609375 0.5046875 0.1375 0.50859375 0.1359375 0.51640625 0.1359375 0.60703125 0.1453125 0.82578125 0.1484375 0.83671875 0.1546875 0.83828125 0.1625 0.82890625 0.15625 0.56640625 0.1546875 0.51171875 0.14609375 0.5046875
3 0.115625 0.74296875 0.1234375 0.74453125 0.128125 0.65078125 0.11640625 0.6484375 0.1140625 0.73515625 0.115625 0.74296875
3 0.2421875 0.00078125 0.24375 0.26015625 0.2453125 0.27109375 0.2546875 0.27109375 0.265625 0.22578125 0.284375 0.20859375 0.28359375 0 0.2421875 0.00078125
3 0.203125 0.04296875 0.20859375 0.046875 0.22109375 0.0421875 0.2359375 0.05234375 0.2421875 0.04453125 0.2421875 0.00078125 0.20078125 0 0.203125 0.04296875
3 0.13671875 0.0875 0.1484375 0.08828125 0.15 0.00390625 0.13203125 0 0.1296875 0.07734375 0.13671875 0.0875
3 0.1109375 0.14765625 0.1203125 0.15078125 0.128125 0.14609375 0.128125 0.00078125 0.11015625 0 0.1109375 0.14765625
3 0.1015625 0.11640625 0.1078125 0.11640625 0.109375 0.00078125 0.09453125 0 0.096875 0.10546875 0.1015625 0.11640625