3 0.509375 0.49453125 0.5109375 0.43828125 0.50390625 0.43125 0.45234375 0.4328125 0.4375 0.43984375 0.4171875 0.54921875 0.41875 0.99921875 0.5109375 0.99921875 0.50625 0.76484375 0.4828125 0.55703125 0.4828125 0.53203125 0.509375 0.49453125
3 0.74609375 0.178125 0.69609375 0.1765625 0.665625 0.20078125 0.6546875 0.22421875 0.6515625 0.26171875 0.69453125 0.290625 0.7375 0.29296875 0.790625 0.26171875 0.7875 0.21328125 0.77421875 0.1953125 0.74609375 0.178125
3 0.7765625 0.19765625 0.74921875 0.1796875 0.69765625 0.1765625 0.66875 0.19609375 0.6546875 0.22421875 0.6515625 0.31328125 0.665625 0.34140625 0.68984375 0.3671875 0.71015625 0.3765625 0.7328125 0.37578125 0.76015625 0.3671875 0.7890625 0.33515625 0.790625 0.22265625 0.7765625 0.19765625
3 0.1203125 0.45234375 0.12265625 0.496875 0.190625 0.49765625 0.28984375 0.4921875 0.29375 0.48359375 0.2890625 0.44140625 0.1203125 0.45234375
3 0.29375 0.43515625 0.29765625 0.4859375 0.4078125 0.49140625 0.4140625 0.46796875 0.41015625 0.4359375 0.33515625 0.43125 0.29375 0.43515625
3 0.003125 0.49765625 0.0546875 0.50234375 0.11796875 0.5 0.1171875 0.45546875 0.00546875 0.4515625 0.003125 0.49765625
3 0.03125 0.34765625 0.04296875 0.3546875 0.3078125 0.35703125 0.3125 0.34453125 0.30703125 0.3234375 0.028125 0.32578125 0.03125 0.34765625
3 0.39375 0.17734375 0.38359375 0.165625 0.365625 0.16953125 0.371875 0.17109375 0.371875 0.19453125 0.378125 0.20078125 0.3734375 0.22421875 0.359375 0.24609375 0.35625 0.32421875 0.3640625 0.33984375 0.3734375 0.34296875 0.3890625 0.32109375 0.39375 0.29765625 0.396875 0.21484375 0.39375 0.17734375
3 0.29140625 0.19375 0.26484375 0.19375 0.26171875 0.184375 0.25078125 0.184375 0.2609375 0.18984375 0.19296875 0.1921875 0.08125 0.20859375 0.09609375 0.2109375 0.0890625 0.21640625 0.1 0.22109375 0.0921875 0.22421875 0.08984375 0.240625 0.09921875 0.2359375 0.096875 0.23984375 0.10390625 0.2421875 0.2 0.24140625 0.29921875 0.2265625 0.3125 0.21953125 0.3140625 0.20390625 0.29140625 0.19375
3 1 0.81640625 0.97421875 0.821875 0.93671875 0.8109375 0.9328125 0.83046875 0.9578125 0.99921875 1 0.99921875 1 0.81640625
3 0.821875 0.28984375 0.80390625 0.271875 0.79375 0.27109375 0.7921875 0.32578125 0.78125 0.34921875 0.75546875 0.3703125 0.71015625 0.378125 0.68359375 0.3671875 0.653125 0.32265625 0.646875 0.25703125 0.628125 0.26796875 0.6109375 0.32109375 0.6046875 0.36796875 0.68984375 0.44375 0.7046875 0.44453125 0.78671875 0.41875 0.81875 0.39765625 0.8265625 0.30703125 0.821875 0.28984375
3 0.00078125 0.434375 0.0015625 0.45390625 0.27890625 0.4390625 0.29375 0.43203125 0.303125 0.40859375 0.00078125 0.434375