3 0.48046875 0.4984375 0.56171875 0.484375 0.5703125 0.47265625 0.5703125 0.43046875 0.54765625 0.409375 0.43359375 0.3640625 0.39921875 0.340625 0.3765625 0.33359375 0.371875 0.30546875 0.38125 0.26953125 0.3390625 0.22421875 0.325 0.20078125 0.325 0.15703125 0.30234375 0.10625 0.23671875 0.0796875 0.20859375 0.0546875 0.15859375 0.0609375 0.13203125 0.0546875 0.10234375 0.0578125 0.07265625 0.071875 0.0484375 0.09453125 0.053125 0.15703125 0.065625 0.20859375 0.10078125 0.23125 0.16953125 0.2546875 0.1875 0.26796875 0.1859375 0.28046875 0.1546875 0.30703125 0.15 0.35703125 0.159375 0.40390625 0.1859375 0.45703125 0.1953125 0.49609375 0.2109375 0.52421875 0.2328125 0.54296875 0.25703125 0.5765625 0.28515625 0.5921875 0.3203125 0.59140625 0.36953125 0.571875 0.39140625 0.546875 0.43515625 0.515625 0.48046875 0.4984375
3 0.203125 0.58359375 0.2125 0.56640625 0.2125 0.54921875 0.2015625 0.52578125 0.1921875 0.51953125 0.184375 0.47109375 0.146875 0.37421875 0.1390625 0.30078125 0.1703125 0.27421875 0.15859375 0.259375 0.13046875 0.253125 0.0625 0.21328125 0.0484375 0.17421875 0.04375 0.12421875 0.0328125 0.09921875 0.00078125 0.096875 0 0.61796875 0.04453125 0.6359375 0.1234375 0.63828125 0.13984375 0.6375 0.18046875 0.609375 0.20078125 0.6140625 0.203125 0.58359375
3 0.38515625 0.6359375 0.36328125 0.6328125 0.35390625 0.6203125 0.34921875 0.6296875 0.33828125 0.6140625 0.33359375 0.61875 0.30859375 0.6046875 0.27109375 0.6046875 0.196875 0.51484375 0.178125 0.45078125 0.15 0.38828125 0.1421875 0.31484375 0.1484375 0.29921875 0.1703125 0.28515625 0.178125 0.26796875 0.15390625 0.2546875 0.12578125 0.25 0.06796875 0.21875 0.0484375 0.17421875 0.0453125 0.13046875 0.0359375 0.10234375 0.03046875 0.096875 0.00078125 0.096875 0 0.62578125 0.040625 0.63984375 0.034375 0.64453125 0.0421875 0.64765625 0.046875 0.67109375 0.0421875 0.67421875 0.04375 0.68671875 0.034375 0.69296875 0.040625 0.69453125 0.0359375 0.70234375 0.0421875 0.71015625 0.0421875 0.73046875 0.0453125 0.71484375 0.0609375 0.69921875 0.06328125 0.65 0.11796875 0.646875 0.18515625 0.6578125 0.20078125 0.6515625 0.196875 0.67109375 0.21484375 0.6875 0.29453125 0.70625 0.30234375 0.703125 0.32421875 0.715625 0.34765625 0.7203125 0.37265625 0.7375 0.39453125 0.7375 0.453125 0.75390625 0.47890625 0.7421875 0.4890625 0.72578125 0.45234375 0.6671875 0.38515625 0.6359375
3 0.20859375 0.7359375 0.196875 0.74921875 0.19296875 0.771875 0.16484375 0.7890625 0.15390625 0.7890625 0.15 0.78359375 0.1546875 0.77890625 0.14375 0.77265625 0.15 0.76640625 0.140625 0.75390625 0.146875 0.74765625 0.13359375 0.734375 0.1234375 0.74921875 0.121875 0.76796875 0.103125 0.78984375 0.096875 0.87578125 0.0921875 0.87578125 0.09140625 0.865625 0.0875 0.87890625 0.059375 0.90390625 0.059375 0.94921875 0.06328125 0.9171875 0.06796875 0.9234375 0.071875 0.91953125 0.0765625 0.93359375 0.0703125 0.99609375 0.2484375 0.99921875 0.265625 0.87734375 0.2671875 0.75703125 0.25546875 0.74375 0.20859375 0.7359375
3 0.00390625 0.9265625 0 0.99921875 0.0609375 0.99921875 0.053125 0.98359375 0.0515625 0.94140625 0.0453125 0.92734375 0.00390625 0.9265625
3 0.55 0.79296875 0.53671875 0.7828125 0.47265625 0.7609375 0.43203125 0.7625 0.38203125 0.746875 0.35859375 0.7515625 0.34140625 0.746875 0.32734375 0.753125 0.3140625 0.77265625 0.3125 0.78984375 0.3171875 0.93046875 0.321875 0.96171875 0.3328125 0.98046875 0.3296875 0.99296875 0.33515625 1 0.4890625 0.99921875 0.496875 0.84921875 0.51328125 0.825 0.55 0.81953125 0.55 0.79296875
3 0.95703125 0.7875 0.92109375 0.7640625 0.86796875 0.76875 0.82578125 0.7796875 0.80859375 0.7796875 0.77578125 0.7671875 0.7203125 0.80859375 0.7234375 0.89921875 0.74453125 1 1 0.99921875 0.99921875 0.778125 0.98984375 0.7859375 0.98515625 0.78125 0.95703125 0.7875
3 0.74609375 0.709375 0.77265625 0.7078125 0.79609375 0.6984375 0.82421875 0.6765625 0.8421875 0.65390625 0.8640625 0.58828125 0.884375 0.56171875 0.8828125 0.51796875 0.8890625 0.50234375 0.8890625 0.47109375 0.87734375 0.4703125 0.87109375 0.45625 0.79609375 0.4421875 0.75703125 0.415625 0.69453125 0.3953125 0.66796875 0.3703125 0.63984375 0.38125 0.60078125 0.3765625 0.578125 0.38359375 0.5734375 0.39296875 0.571875 0.51484375 0.56484375 0.525 0.55625 0.52578125 0.5671875 0.53828125 0.55625 0.54140625 0.5640625 0.54609375 0.553125 0.55078125 0.5578125 0.56171875 0.53671875 0.5640625 0.54375 0.57734375 0.53046875 0.5796875 0.5296875 0.59296875 0.5 0.61953125 0.52578125 0.66875 0.54765625 0.678125 0.56640625 0.678125 0.5609375 0.68359375 0.56796875 0.696875 0.57734375 0.6953125 0.60546875 0.709375 0.61640625 0.7046875 0.62421875 0.7234375 0.6484375 0.72265625 0.66328125 0.7140625 0.70703125 0.7140625 0.71640625 0.7015625 0.74609375 0.709375
3 0.96796875 0.3953125 0.94765625 0.4015625 0.93828125 0.4015625 0.93671875 0.3953125 0.88515625 0.396875 0.890625 0.40390625 0.8875 0.43359375 0.87109375 0.453125 0.84921875 0.4546875 0.846875 0.46015625 0.85859375 0.4609375 0.86328125 0.471875 0.87578125 0.475 0.87890625 0.46875 0.8921875 0.47421875 0.93359375 0.4515625 0.97265625 0.4203125 0.9734375 0.40078125 0.96796875 0.3953125
3 0.596875 0.08984375 0.55859375 0.0671875 0.52890625 0.040625 0.44765625 0 0.3390625 0.00390625 0.3453125 0.00859375 0.334375 0.04453125 0.3359375 0.07890625 0.35 0.08671875 0.35625 0.10703125 0.36171875 0.1015625 0.3625 0.11328125 0.37421875 0.1265625 0.37734375 0.1203125 0.38828125 0.1390625 0.40546875 0.146875 0.43984375 0.14375 0.47890625 0.1546875 0.48984375 0.1546875 0.4984375 0.15078125 0.49765625 0.1453125 0.51484375 0.140625 0.52578125 0.1421875 0.56796875 0.1515625 0.578125 0.15859375 0.58203125 0.171875 0.590625 0.17109375 0.59375 0.12578125 0.5859375 0.12265625 0.5828125 0.10234375 0.596875 0.08984375
3 0.90859375 0.2734375 0.89140625 0.278125 0.88125 0.30078125 0.8828125 0.39140625 0.8921875 0.39453125 0.9359375 0.39140625 0.9375 0.29609375 0.93515625 0.2890625 0.90859375 0.2734375
3 0.74140625 0.1703125 0.72890625 0.1703125 0.72421875 0.1453125 0.71796875 0.140625 0.68203125 0.14375 0.66328125 0.1203125 0.64609375 0.109375 0.61796875 0.096875 0.6015625 0.10234375 0.603125 0.11484375 0.5921875 0.12265625 0.5875 0.15078125 0.5765625 0.15078125 0.5765625 0.17265625 0.59296875 0.1890625 0.65078125 0.190625 0.6484375 0.19765625 0.66484375 0.215625 0.71015625 0.2203125 0.71796875 0.2359375 0.77109375 0.2375 0.78125 0.24765625 0.790625 0.22734375 0.7859375 0.21640625 0.790625 0.20078125 0.74140625 0.1703125
3 0.76640625 0.1859375 0.75 0.18828125 0.7484375 0.20234375 0.759375 0.21171875 0.7609375 0.23671875 0.775 0.24453125 0.78046875 0.2640625 0.80859375 0.278125 0.80703125 0.2859375 0.83671875 0.2859375 0.85546875 0.3 0.8734375 0.30390625 0.8984375 0.27265625 0.89296875 0.259375 0.81328125 0.2078125 0.76640625 0.1859375
3 0.76015625 0.0515625 0.79296875 0.08125 0.86015625 0.11875 0.93203125 0.1703125 0.95703125 0.2015625 0.97265625 0.20625 1 0.22890625 0.99921875 0 0.6765625 0.00078125 0.71328125 0.0328125 0.76015625 0.0515625
3 0.3484375 0.02421875 0.3671875 0.01640625 0.3640625 0.00859375 0.36875 0.00390625 0.21484375 0 0.203125 0.00546875 0.203125 0.01796875 0.23203125 0.0359375 0.26015625 0.0421875 0.26328125 0.0484375 0.27109375 0.040625 0.29453125 0.0515625 0.30546875 0.046875 0.315625 0.05078125 0.33359375 0.0484375 0.34140625 0.034375 0.34609375 0.0375 0.3484375 0.02421875
3 0.25390625 0.0234375 0.23828125 0.025 0.22421875 0.0125 0.20078125 0.0046875 0.16953125 0.009375 0.14296875 0.025 0.128125 0.04453125 0.15078125 0.0625 0.16328125 0.059375 0.17421875 0.0640625 0.17890625 0.059375 0.21328125 0.065625 0.23671875 0.084375 0.25546875 0.0859375 0.27578125 0.1 0.2953125 0.10234375 0.3046875 0.09765625 0.26875 0.03203125 0.26015625 0.0390625 0.25390625 0.0234375