3 0.721875 0.484375 0.2609375 0.484375 0.2609375 0.5953125 0.721875 0.5953125 0.721875 0.484375
3 0.109375 0.5765625 0.0734375 0.5765625 0.0734375 0.99921875 0.109375 0.99921875 0.109375 0.5765625
3 0.9484375 0.590625 0.9140625 0.590625 0.9140625 0.68125 0.9484375 0.68125 0.9484375 0.590625
3 0.7265625 0.11875 0.259375 0.11875 0.259375 0.471875 0.7265625 0.471875 0.7265625 0.11875
3 0.81953125 0.165625 0.7375 0.165625 0.7375 0.3328125 0.81953125 0.3328125 0.81953125 0.165625
3 0.94296875 0.7453125 0.903125 0.7453125 0.903125 0.78671875 0.94296875 0.78671875 0.94296875 0.7453125
3 0.92109375 0.8125 0.9046875 0.8125 0.9046875 0.9546875 0.92109375 0.9546875 0.92109375 0.8125
3 0.20859375 0.7921875 0.1203125 0.7921875 0.1203125 0.97734375 0.20859375 0.97734375 0.20859375 0.7921875
3 0.846875 1 0.846875 0.925 0.775 0.925 0.775 1 0.846875 1
3 0.853125 0.60625 0.5453125 0.60625 0.5453125 0.7890625 0.853125 0.7890625 0.853125 0.60625
3 0.359375 0.6046875 0.1453125 0.6046875 0.1453125 0.77734375 0.359375 0.77734375 0.359375 0.6046875