3 0.8421875 0.70625 0.8171875 0.70625 0.8171875 0.88984375 0.8421875 0.88984375 0.8421875 0.70625
3 0.80390625 0.709375 0.7671875 0.709375 0.7671875 0.8890625 0.80390625 0.8890625 0.80390625 0.709375
3 0.58125 0.6921875 0.5578125 0.6921875 0.5578125 0.90390625 0.58125 0.90390625 0.58125 0.6921875
3 0.45390625 0.7015625 0.428125 0.7015625 0.428125 0.92109375 0.45390625 0.92109375 0.45390625 0.7015625
3 0.0609375 0.74375 0.00625 0.74375 0.00625 0.83125 0.0609375 0.83125 0.0609375 0.74375
3 0.11171875 0.740625 0.0875 0.740625 0.0875 0.853125 0.11171875 0.853125 0.11171875 0.740625
3 0.2546875 0.725 0.240625 0.725 0.240625 0.86953125 0.2546875 0.86953125 0.2546875 0.725
3 0.36796875 0.7140625 0.35 0.7140625 0.35 0.89296875 0.36796875 0.89296875 0.36796875 0.7140625
3 0.3015625 0.71875 0.2859375 0.71875 0.2859375 0.85234375 0.3015625 0.85234375 0.3015625 0.71875
3 0.15078125 0.7359375 0.140625 0.7359375 0.140625 0.83828125 0.15078125 0.83828125 0.15078125 0.7359375
3 0.18359375 0.73125 0.1625 0.73125 0.1625 0.8390625 0.18359375 0.8390625 0.18359375 0.73125