3 0.7921625 0.7605046875 0.7758625 0.816371875 0.82216875 0.8791421875 0.8340765625 0.9463953125 0.855246875 0.99795625 0.9042 0.9957140624999999 0.8975843749999999 0.92621875 0.8684765625 0.870175 0.859215625 0.7356671875 0.8393703125 0.7827453125 0.8182 0.751359375 0.7921625 0.7605046875
3 0.65016875 0.7468765625 0.6237078125 0.6482375 0.5800468750000001 0.6863484375 0.6210609375 0.7827453125 0.65016875 0.7468765625
3 0.671875 0.23125 0.628125 0.23125 0.628125 0.334375 0.671875 0.334375 0.671875 0.23125
3 0.29765625 0.3359375 0.2265625 0.3359375 0.2265625 0.4359375 0.29765625 0.4359375 0.29765625 0.3359375
3 0.3984375 0.4 0.3140625 0.4 0.3140625 0.48515625 0.3984375 0.48515625 0.3984375 0.4
3 0.25703125 0.53125 0.2171875 0.53125 0.2171875 0.6890625 0.25703125 0.6890625 0.25703125 0.53125
3 0.42421875 0.64375 0.2765625 0.64375 0.2765625 0.7390625 0.42421875 0.7390625 0.42421875 0.64375
3 0.81796875 0.184375 0.759375 0.184375 0.759375 0.2359375 0.81796875 0.2359375 0.81796875 0.184375
3 0.74609375 0.1078125 0.7 0.1078125 0.7 0.13984375 0.74609375 0.13984375 0.74609375 0.1078125
3 0.88828125 0.1703125 0.8625 0.1703125 0.8625 0.22421875 0.88828125 0.22421875 0.88828125 0.1703125
3 0.54765625 0.446875 0.503125 0.446875 0.503125 0.534375 0.54765625 0.534375 0.54765625 0.446875
3 0.1460765625 0.43975156249999997 0.1625328125 0.44285781249999995 0.115646875 0.34335625 0.08521562499999999 0.3052453125 0.037584374999999996 0.3052453125 0.016415625 0.34335625 0.0111234375 0.424059375 0.0177390625 0.41285 0.0283234375 0.374740625 0.0494921875 0.338871875 0.0865390625 0.34559687499999997 0.106384375 0.3657734375 0.12623125 0.39715781250000004 0.1460765625 0.43975156249999997
3 0.23203125 0.2421875 0.2203125 0.2421875 0.2203125 0.28671875 0.23203125 0.28671875 0.23203125 0.2421875
3 0.37890625 0.1453125 0.3640625 0.1453125 0.3640625 0.1828125 0.37890625 0.1828125 0.37890625 0.1453125
3 0.5953125 0.23125 0.5796875 0.23125 0.5796875 0.25625 0.5953125 0.25625 0.5953125 0.23125
3 0.7703125 0.678125 0.728125 0.678125 0.728125 0.746875 0.7703125 0.746875 0.7703125 0.678125
3 0.87578125 0.56875 0.846875 0.56875 0.846875 0.6125 0.87578125 0.6125 0.87578125 0.56875