3 0.1140625 0.73046875 0.128125 0.71640625 0.128125 0.70859375 0.1125 0.69921875 0.10859375 0.6875 0.10234375 0.6875 0.0953125 0.71953125 0.08359375 0.7203125 0.071875 0.73359375 0.06875 0.81171875 0.0765625 0.85390625 0.0734375 0.97734375 0.07890625 1 0.1328125 0.99921875 0.1328125 0.80234375 0.1140625 0.77890625 0.1109375 0.75390625 0.1140625 0.73046875
3 0.07890625 0.5890625 0.075 0.60546875 0.0640625 0.60859375 0.06875 0.62265625 0.065625 0.66796875 0.075 0.69140625 0.08125 0.69296875 0.090625 0.66328125 0.1046875 0.65078125 0.0890625 0.63984375 0.07890625 0.5890625
3 0.2765625 0.77734375 0.2828125 0.74765625 0.27421875 0.7421875 0.25859375 0.746875 0.2546875 0.74140625 0.2625 0.70703125 0.290625 0.66171875 0.290625 0.64609375 0.28359375 0.640625 0.26484375 0.64375 0.2578125 0.62421875 0.2796875 0.59765625 0.2734375 0.56796875 0.26484375 0.559375 0.25078125 0.559375 0.23203125 0.5421875 0.2328125 0.55390625 0.221875 0.57265625 0.215625 0.57265625 0.2125 0.59140625 0.2125 0.60078125 0.2203125 0.60546875 0.2140625 0.61640625 0.2234375 0.62890625 0.215625 0.63046875 0.2203125 0.63515625 0.215625 0.63984375 0.225 0.64296875 0.2265625 0.68671875 0.21875 0.69140625 0.2234375 0.69921875 0.2140625 0.70703125 0.21875 0.79609375 0.2109375 0.80078125 0.2171875 0.80859375 0.2109375 0.81796875 0.2203125 0.84765625 0.25546875 0.8796875 0.2640625 0.88046875 0.2765625 0.87109375 0.2875 0.83203125 0.2890625 0.79296875 0.2765625 0.77734375
3 0.16875 0.43828125 0.15625 0.37890625 0.14921875 0.3734375 0.14375 0.44453125 0.153125 0.86328125 0.1609375 0.96015625 0.1703125 0.97421875 0.178125 0.88203125 0.1796875 0.73203125 0.1703125 0.65859375 0.16875 0.43828125
3 0.459375 0.40859375 0.44609375 0.403125 0.440625 0.39296875 0.44375 0.30078125 0.43671875 0.2328125 0.4171875 0.23828125 0.4078125 0.26484375 0.4078125 0.38828125 0.4015625 0.40859375 0.4 0.46640625 0.4046875 0.47890625 0.415625 0.48359375 0.43671875 0.4515625 0.4609375 0.44140625 0.4625 0.42890625 0.459375 0.40859375
3 0.49140625 0.4765625 0.48125 0.48046875 0.4671875 0.55546875 0.471875 0.61953125 0.47734375 0.6296875 0.5109375 0.63671875 0.51875 0.57421875 0.515625 0.48984375 0.51015625 0.478125 0.49140625 0.4765625
3 0.5125 0.67734375 0.49453125 0.675 0.4859375 0.68515625 0.4828125 0.73046875 0.4875 0.76171875 0.4703125 0.80390625 0.46875 0.83203125 0.47890625 0.85 0.503125 0.85234375 0.5140625 0.81796875 0.5109375 0.77265625 0.5171875 0.69921875 0.5125 0.67734375
3 0.49140625 0.29375 0.475 0.31328125 0.475 0.32890625 0.478125 0.34921875 0.4875 0.36015625 0.484375 0.40078125 0.5 0.40546875 0.5140625 0.37578125 0.5171875 0.30390625 0.50703125 0.29375 0.49140625 0.29375
3 0.9625 0.02265625 0.978125 0.04140625 0.9765625 0.07734375 0.9890625 0.18828125 0.9875 0.26484375 0.9890625 0.28046875 0.9984375 0.28671875 1 0.05859375 0.996875 0.01796875 0.98359375 0.009375 0.9625 0.02265625
3 0.4046875 0.20546875 0.41171875 0.2 0.421875 0.21640625 0.4046875 0.22265625 0.4421875 0.22578125 0.4578125 0.20703125 0.4578125 0.13359375 0.40546875 0.1328125 0.4046875 0.20546875
3 0.9796875 0.77109375 0.9921875 0.83203125 0.9921875 0.87734375 0.984375 0.91171875 1 0.97578125 0.99921875 0.5359375 0.99375 0.56953125 0.99375 0.66171875 0.9796875 0.77109375