3 0.05546875 0 0.046875 0.01484375 0.05 0.39609375 0.04375 0.59296875 0.04921875 0.6140625 0.0671875 0.61328125 0.0609375 0.62265625 0.0640625 0.62734375 0.07421875 0.61875 0.08359375 0.6265625 0.08828125 0.6140625 0.103125 0.61015625 0.1046875 0.59765625 0.10234375 0 0.05546875 0
3 0.11328125 0 0.1125 0.12265625 0.11796875 0.1328125 0.1328125 0.13203125 0.15 0.10859375 0.14375 0.07109375 0.14375 0.00078125 0.11328125 0
3 0.2140625 0.04765625 0.221875 0.00078125 0.18203125 0 0.1859375 0.03984375 0.2140625 0.04765625
3 0.2859375 0.03828125 0.29921875 0.0578125 0.309375 0.05703125 0.3234375 0.03515625 0.3265625 0.00078125 0.28359375 0 0.2859375 0.03828125
3 0.521875 0.04296875 0.51328125 0 0.478125 0.00234375 0.475 0.21484375 0.4828125 0.27890625 0.48828125 0.2890625 0.49375 0.28828125 0.5109375 0.27578125 0.5125 0.21796875 0.521875 0.17109375 0.521875 0.04296875
3 0.59921875 0 0.5484375 0.00078125 0.5515625 0.13671875 0.55859375 0.1484375 0.5671875 0.14765625 0.58828125 0.1375 0.60625 0.11015625 0.60625 0.02109375 0.59921875 0
3 0.621875 0.00859375 0.621875 0.03203125 0.640625 0.04453125 0.64296875 0.0609375 0.65625 0.06328125 0.6671875 0.02890625 0.6671875 0.00078125 0.62734375 0 0.621875 0.00859375
3 0.7 0.16953125 0.7203125 0.17421875 0.7484375 0.16796875 0.74765625 0 0.7 0.00234375 0.7 0.16953125
3 0.7703125 0.11484375 0.80625 0.11796875 0.815625 0.11484375 0.815625 0.00390625 0.77265625 0 0.7703125 0.11484375
3 0.34453125 0.1421875 0.33125 0.16484375 0.33125 0.29765625 0.346875 0.31484375 0.3609375 0.29453125 0.3671875 0.22578125 0.359375 0.15859375 0.34453125 0.1421875
3 0.284375 0.41171875 0.27109375 0.3984375 0.2578125 0.47578125 0.2578125 0.55234375 0.2609375 0.58515625 0.284375 0.58828125 0.296875 0.55390625 0.29375 0.48203125 0.2828125 0.43671875 0.284375 0.41171875
3 0.31484375 0.5921875 0.30703125 0.5921875 0.29375 0.60859375 0.2890625 0.64296875 0.26875 0.67890625 0.275 0.72109375 0.2609375 0.78515625 0.265625 0.84609375 0.2828125 0.88671875 0.2859375 0.91015625 0.29140625 0.9171875 0.3 0.91640625 0.309375 0.90390625 0.3125 0.84140625 0.3234375 0.81953125 0.31484375 0.5921875
3 0.1109375 0.99921875 0.1734375 0.99921875 0.175 0.65546875 0.16640625 0.65 0.11484375 0.65 0.1109375 0.99921875
3 0.19140625 0.9453125 0.2328125 0.94453125 0.234375 0.76484375 0.19140625 0.7625 0.1890625 0.93828125 0.19140625 0.9453125
3 0.0375 0.99921875 0.1 0.99921875 0.0984375 0.77578125 0.08671875 0.7703125 0.03984375 0.771875 0.0375 0.99921875
3 0.49453125 0.5015625 0.478125 0.52578125 0.465625 0.57265625 0.459375 0.77734375 0.46953125 0.7953125 0.5109375 0.80390625 0.51875 0.73046875 0.509375 0.53203125 0.503125 0.50703125 0.49453125 0.5015625
3 0.42578125 0.6703125 0.415625 0.68046875 0.4 0.72890625 0.396875 0.82109375 0.41015625 0.8265625 0.42734375 0.85 0.4453125 0.85078125 0.4515625 0.83203125 0.4484375 0.71328125 0.4390625 0.67265625 0.42578125 0.6703125
3 0.48046875 0.9078125 0.471875 0.92265625 0.4671875 0.99921875 0.5140625 0.99921875 0.5078125 0.90859375 0.50546875 0.903125 0.49609375 0.903125 0.48046875 0.9078125
3 0.71171875 0.8140625 0.6953125 0.82421875 0.684375 0.85390625 0.684375 0.98046875 0.68828125 1 0.7265625 0.99921875 0.7328125 0.88203125 0.7265625 0.83671875 0.7203125 0.81953125 0.71171875 0.8140625
3 0.55703125 0.6953125 0.5453125 0.69765625 0.534375 0.75390625 0.5359375 0.98984375 0.53828125 1 0.5828125 0.99921875 0.5875 0.73984375 0.578125 0.70234375 0.56953125 0.6953125 0.55703125 0.6953125
3 0.6203125 0.78515625 0.6265625 0.81640625 0.625 0.91953125 0.63359375 0.940625 0.6515625 0.93984375 0.6578125 0.88359375 0.659375 0.70703125 0.62421875 0.703125 0.6203125 0.78515625
3 0.3984375 0.00546875 0.3984375 0.13515625 0.4359375 0.13828125 0.446875 0.13515625 0.446875 0.00390625 0.40703125 0 0.3984375 0.00546875