3 0.021875 0.60703125 0.01171875 0.6046875 0.00625 0.61484375 0.0046875 0.65234375 0 0.99921875 0.0390625 0.99921875 0.040625 0.85546875 0.0484375 0.80390625 0.0265625 0.61953125 0.021875 0.60703125
3 0.09453125 0.59375 0.0828125 0.60078125 0.0890625 0.60546875 0.078125 0.61171875 0.075 0.62890625 0.0765625 0.68671875 0.0703125 0.69140625 0.06875 0.82734375 0.0578125 0.97109375 0.06015625 1 0.1109375 0.99921875 0.1171875 0.74140625 0.103125 0.66796875 0.1 0.59765625 0.09453125 0.59375
3 0.17734375 0.571875 0.16875 0.58046875 0.1703125 0.59296875 0.15703125 0.5921875 0.1484375 0.60078125 0.1515625 0.60546875 0.140625 0.62421875 0.140625 0.76640625 0.1296875 0.99921875 0.184375 0.99921875 0.1890625 0.90859375 0.1875 0.59765625 0.1859375 0.57890625 0.17734375 0.571875
3 0.36875 0.56484375 0.371875 0.73359375 0.365625 0.78671875 0.365625 0.94765625 0.3703125 0.99921875 0.403125 0.99921875 0.403125 0.59453125 0.39609375 0.5171875 0.378125 0.53359375 0.36875 0.56484375
3 0.5234375 0.40078125 0.5203125 0.66171875 0.5078125 0.96796875 0.51171875 1 0.559375 0.99921875 0.5515625 0.36328125 0.546875 0.33046875 0.53203125 0.328125 0.5234375 0.40078125
3 0.6875 0.64921875 0.678125 0.56171875 0.6703125 0.54453125 0.65703125 0.540625 0.6453125 0.56796875 0.6390625 0.65703125 0.634375 0.99921875 0.6796875 0.99921875 0.678125 0.85546875 0.6875 0.76171875 0.6828125 0.72109375 0.6875 0.64921875
3 0.7 0.77734375 0.7046875 0.99921875 0.7421875 0.99921875 0.7515625 0.64453125 0.74765625 0.6359375 0.70390625 0.6359375 0.7 0.77734375
3 0.7515625 0.57890625 0.75 0.48671875 0.74375 0.44453125 0.73046875 0.4375 0.7140625 0.45078125 0.7046875 0.47109375 0.7015625 0.56171875 0.70390625 0.578125 0.70703125 0.515625 0.715625 0.61015625 0.71015625 0.615625 0.7015625 0.61328125 0.71015625 0.6203125 0.7453125 0.61953125 0.75 0.61328125 0.7421875 0.60546875 0.7484375 0.60078125 0.7515625 0.57890625
3 0.9546875 0.83984375 0.9453125 0.86796875 0.9453125 0.99921875 0.996875 0.99921875 0.9875 0.76953125 0.97421875 0.7625 0.9609375 0.78203125 0.9546875 0.83984375
3 0.3078125 0.85234375 0.30625 0.82421875 0.3140625 0.81328125 0.315625 0.79609375 0.3171875 0.71328125 0.3234375 0.67890625 0.3234375 0.51953125 0.31875 0.42421875 0.3125 0.42421875 0.3125 0.44609375 0.30703125 0.453125 0.3015625 0.44765625 0.296875 0.39765625 0.28671875 0.371875 0.28125 0.37734375 0.2859375 0.38203125 0.275 0.39296875 0.2734375 0.41953125 0.275 0.62109375 0.2625 0.74765625 0.2546875 0.99921875 0.290625 0.99921875 0.3 0.89296875 0.30625 0.88046875 0.3015625 0.87578125 0.3078125 0.85234375
3 0.4734375 0.72421875 0.465625 0.70703125 0.45859375 0.7046875 0.4484375 0.80234375 0.4484375 0.99609375 0.50625 0.99921875 0.5046875 0.79296875 0.50234375 0.7890625 0.49921875 0.80625 0.4734375 0.72421875
3 0.1828125 0.49609375 0.1890625 0.48359375 0.18125 0.48046875 0.184375 0.45234375 0.1796875 0.44765625 0.1875 0.44296875 0.1875 0.40859375 0.1921875 0.40546875 0.1875 0.39921875 0.1875 0.37734375 0.19375 0.37421875 0.1875 0.36640625 0.19375 0.35859375 0.1875 0.35078125 0.19375 0.34296875 0.1875 0.33046875 0.19375 0.32734375 0.19375 0.31796875 0.1890625 0.31953125 0.19375 0.31171875 0.1890625 0.30546875 0.19375 0.29453125 0.1890625 0.29140625 0.19375 0.28046875 0.1890625 0.23671875 0.1953125 0.23203125 0.20078125 0.1703125 0.2046875 0.24609375 0.20625 0.01328125 0.20078125 0.0015625 0.17890625 0.0046875 0.17421875 0.0109375 0.16796875 0.003125 0.1609375 0.01015625 0.1609375 0.53046875 0.1703125 0.53359375 0.178125 0.53203125 0.1796875 0.50234375 0.1890625 0.49921875 0.1828125 0.49609375