3 0.4 0.90234375 0.4 0.86171875 0.3875 0.85078125 0.38046875 0.8265625 0.37265625 0.853125 0.371875 0.84609375 0.3609375 0.83984375 0.36875 0.83671875 0.36171875 0.8203125 0.34140625 0.8234375 0.340625 0.84921875 0.346875 0.85859375 0.3421875 0.89765625 0.36171875 0.9015625 0.3671875 0.92109375 0.35625 0.93671875 0.35625 0.96015625 0.34921875 0.96875 0.3359375 0.96953125 0.3390625 0.99609375 0.34609375 1 0.35703125 0.9796875 0.35859375 1 0.4203125 0.99921875 0.4125 0.97265625 0.4203125 0.91796875 0.40546875 0.9140625 0.4 0.90234375
3 0.64375 0.81171875 0.6453125 0.83984375 0.6609375 0.84453125 0.68125 0.82890625 0.67578125 0.8 0.65859375 0.7984375 0.64375 0.81171875
3 0.70234375 0.8328125 0.69375 0.85234375 0.6953125 0.87421875 0.70390625 0.88125 0.7203125 0.88046875 0.73125 0.86796875 0.73125 0.85390625 0.72109375 0.8390625 0.70234375 0.8328125
3 0.56328125 0.8984375 0.5421875 0.90703125 0.5359375 0.92890625 0.5359375 0.94609375 0.546875 0.97421875 0.5609375 0.97734375 0.5796875 0.95859375 0.5859375 0.93359375 0.5765625 0.90390625 0.56328125 0.8984375
3 0.246875 0.83671875 0.259375 0.83515625 0.25625 0.71328125 0.25 0.72109375 0.24765625 0.76875 0.2421875 0.70390625 0.23125 0.69609375 0.225 0.66640625 0.2171875 0.66328125 0.2296875 0.65546875 0.22421875 0.6421875 0.18515625 0.6390625 0.14140625 0.6453125 0.1328125 0.65234375 0.134375 0.67890625 0.10703125 0.6859375 0.1 0.70234375 0.109375 0.77578125 0.103125 0.79453125 0.1078125 0.81328125 0.0953125 0.86640625 0.096875 0.88203125 0.12109375 0.9015625 0.1703125 0.90859375 0.20546875 0.8984375 0.2140625 0.88359375 0.225 0.87890625 0.246875 0.83671875
3 0.8671875 0.09609375 0.8640625 0.08203125 0.85 0.07265625 0.85625 0.04921875 0.84375 0.03984375 0.825 0.00078125 0.69296875 0 0.6875 0.01640625 0.696875 0.03515625 0.734375 0.05703125 0.7328125 0.08984375 0.7515625 0.09921875 0.753125 0.13984375 0.78984375 0.1453125 0.7921875 0.16171875 0.80078125 0.16875 0.840625 0.16953125 0.871875 0.15859375 0.8703125 0.14296875 0.85625 0.13515625 0.8671875 0.09609375
3 0.56953125 0.240625 0.5640625 0.25234375 0.5390625 0.27109375 0.540625 0.30234375 0.55234375 0.33125 0.578125 0.33203125 0.6015625 0.26640625 0.58984375 0.2515625 0.58203125 0.253125 0.56953125 0.240625
3 0.05625 0.15078125 0.0578125 0.13359375 0.046875 0.12109375 0.02421875 0.1125 0.015625 0.11796875 0.0015625 0.14765625 0.0046875 0.17890625 0.01328125 0.19375 0.04375 0.19765625 0.0515625 0.19140625 0.059375 0.16171875 0.065625 0.15859375 0.05625 0.15078125
3 0.23125 0.26796875 0.21484375 0.2546875 0.20078125 0.2640625 0.18828125 0.2546875 0.18515625 0.2609375 0.17265625 0.2625 0.165625 0.24140625 0.15390625 0.2359375 0.146875 0.24296875 0.14140625 0.26875 0.12890625 0.265625 0.1171875 0.27109375 0.1125 0.29296875 0.115625 0.40390625 0.13359375 0.4265625 0.2203125 0.42734375 0.22890625 0.4265625 0.234375 0.41484375 0.2359375 0.30234375 0.23125 0.26796875
3 0.10625 0.11328125 0.109375 0.13359375 0.125 0.13984375 0.1296875 0.13671875 0.1234375 0.11484375 0.11328125 0.1078125 0.10625 0.11328125
3 0.1703125 0.15234375 0.16171875 0.1375 0.14609375 0.1390625 0.14375 0.12734375 0.13671875 0.1234375 0.1125 0.16953125 0.13203125 0.1953125 0.14375 0.19765625 0.1546875 0.18671875 0.15625 0.17421875 0.16875 0.16640625 0.1703125 0.15234375