3 1 0.82265625 0.98828125 0.8203125 0.96640625 0.8 0.95234375 0.8109375 0.93671875 0.7890625 0.92578125 0.7875 0.9109375 0.79609375 0.9125 0.81953125 0.89296875 0.846875 0.86484375 0.840625 0.846875 0.86015625 0.8359375 0.88515625 0.8375 0.90078125 0.8453125 0.91015625 0.84296875 0.91875 0.834375 0.91484375 0.82109375 0.8921875 0.80546875 0.8875 0.78671875 0.8921875 0.7671875 0.91015625 0.7671875 0.92109375 0.7765625 0.92421875 0.7828125 0.96640625 0.79296875 0.9765625 0.81953125 0.978125 0.82890625 0.9875 0.846875 0.96953125 0.846875 0.92734375 0.86796875 0.928125 0.88515625 0.909375 0.90546875 0.9 0.9234375 0.92578125 0.9234375 0.99921875 0.9546875 0.99921875 0.9546875 0.92890625 0.96328125 0.91875 0.98828125 0.9140625 1 0.90546875 1 0.82265625
3 0.6546875 0.55859375 0.6453125 0.55078125 0.6515625 0.50703125 0.646875 0.47109375 0.6375 0.45546875 0.63203125 0.4515625 0.61640625 0.4625 0.59140625 0.4609375 0.57265625 0.509375 0.55390625 0.496875 0.51796875 0.503125 0.5078125 0.49296875 0.5078125 0.47421875 0.49609375 0.4734375 0.490625 0.48671875 0.49375 0.50859375 0.53984375 0.54375 0.56640625 0.528125 0.584375 0.59765625 0.60078125 0.603125 0.6140625 0.61640625 0.62265625 0.6015625 0.65703125 0.5984375 0.6625 0.58359375 0.6546875 0.55859375
3 1 0.61171875 0.9859375 0.60078125 0.984375 0.56484375 0.97578125 0.5515625 0.94765625 0.5578125 0.90859375 0.5515625 0.896875 0.56015625 0.8921875 0.57890625 0.87578125 0.59375 0.84296875 0.5984375 0.85625 0.56015625 0.8546875 0.51796875 0.84296875 0.515625 0.82734375 0.5234375 0.82578125 0.5171875 0.81484375 0.515625 0.80078125 0.5234375 0.7984375 0.48984375 0.784375 0.46171875 0.76953125 0.440625 0.75390625 0.4390625 0.73125 0.46171875 0.728125 0.48828125 0.734375 0.49140625 0.7328125 0.50703125 0.7078125 0.51796875 0.715625 0.55078125 0.70625 0.56484375 0.74453125 0.5875 0.76640625 0.5671875 0.76875 0.58828125 0.7796875 0.59765625 0.78515625 0.6171875 0.79609375 0.61875 0.828125 0.60390625 0.81875 0.62421875 0.834375 0.64921875 0.8375 0.68671875 0.82734375 0.7015625 0.81875 0.70390625 0.815625 0.76953125 0.83203125 0.7765625 0.8515625 0.77578125 0.8640625 0.77109375 0.865625 0.70859375 0.88359375 0.70625 0.89140625 0.71875 0.9046875 0.71328125 0.91171875 0.69375 0.9234375 0.70703125 0.93203125 0.75 0.94140625 0.7359375 0.95390625 0.7390625 0.96015625 0.75 1 0.74140625 1 0.61171875
3 0 0.81640625 0.03125 0.82734375 0.03984375 0.815625 0.09765625 0.8078125 0.115625 0.76484375 0.109375 0.73046875 0.084375 0.70234375 0.0734375 0.67421875 0.0640625 0.66796875 0.0734375 0.65703125 0.071875 0.62421875 0.09453125 0.61875 0.1015625 0.61015625 0.1046875 0.53515625 0.1390625 0.52734375 0.14375 0.48671875 0.13828125 0.465625 0.09765625 0.4625 0.09453125 0.453125 0.08515625 0.4515625 0 0.45078125 0 0.64765625 0.003125 0.66484375 0.0171875 0.66796875 0.00625 0.67734375 0 0.69921875 0 0.81640625
3 0.36484375 0.921875 0.3421875 0.91640625 0.35 0.89609375 0.3328125 0.87578125 0.33125 0.86171875 0.3046875 0.86015625 0.2921875 0.81796875 0.2734375 0.80390625 0.2640625 0.78359375 0.2515625 0.77265625 0.246875 0.75234375 0.23984375 0.7453125 0.22890625 0.7453125 0.2171875 0.76171875 0.215625 0.78671875 0.23125 0.81484375 0.228125 0.86640625 0.2328125 0.91015625 0.21875 0.91796875 0.23125 0.95234375 0.23984375 0.965625 0.24609375 0.965625 0.26328125 0.95 0.28828125 0.975 0.30234375 0.965625 0.31015625 0.9671875 0.33125 0.98359375 0.3328125 0.99609375 0.3390625 0.99921875 0.35546875 0.9796875 0.378125 0.97265625 0.38125 0.93828125 0.36484375 0.921875
3 0.128125 0.86171875 0.13515625 0.86875 0.159375 0.86796875 0.1625 0.74296875 0.13359375 0.7390625 0.1265625 0.76640625 0.128125 0.86171875
3 0.590625 0.91484375 0.60859375 0.9109375 0.6140625 0.90234375 0.60703125 0.890625 0.596875 0.88828125 0.596875 0.83515625 0.58515625 0.81875 0.47890625 0.8171875 0.43359375 0.821875 0.42421875 0.83125 0.41328125 0.8125 0.40078125 0.825 0.3828125 0.82890625 0.3828125 0.85859375 0.39453125 0.8640625 0.40390625 0.8625 0.4078125 0.84609375 0.42109375 0.8453125 0.425 0.83359375 0.4265625 0.85234375 0.4140625 0.85390625 0.415625 0.86640625 0.42421875 0.875 0.43671875 0.8640625 0.48203125 0.8546875 0.4859375 0.90703125 0.49453125 0.9171875 0.55390625 0.90625 0.5484375 0.91328125 0.55625 0.91796875 0.5359375 0.94296875 0.5359375 0.95859375 0.5453125 0.97421875 0.5453125 0.99921875 0.5875 0.99921875 0.5890625 0.97734375 0.5828125 0.96953125 0.6015625 0.94453125 0.590625 0.91484375
3 0.59921875 0.3046875 0.5828125 0.33828125 0.58125 0.36171875 0.60390625 0.3859375 0.6109375 0.38671875 0.625 0.37421875 0.634375 0.33671875 0.61953125 0.3109375 0.59921875 0.3046875
3 1 0.27734375 0.98984375 0.2671875 0.94765625 0.2734375 0.9390625 0.28515625 0.95625 0.31015625 0.95 0.33046875 0.95703125 0.334375 0.97578125 0.325 0.9859375 0.36328125 0.9859375 0.41171875 0.97421875 0.425 0.9515625 0.43359375 0.95625 0.45390625 0.9515625 0.47734375 0.975 0.49609375 0.9828125 0.54296875 0.9921875 0.49609375 1 0.50234375 1 0.41796875 0.99375 0.41015625 1 0.39921875 1 0.27734375
3 0.0171875 0.07265625 0.01875 0.03515625 0.00390625 0.0296875 0 0.07265625 0.0171875 0.07265625
3 0.05703125 0 0.0421875 0.01484375 0.04375 0.03203125 0.05625 0.03828125 0.08125 0.03046875 0.08515625 0 0.05703125 0
3 0.10859375 0.10625 0.1 0.12265625 0.1078125 0.13671875 0.1078125 0.16015625 0.134375 0.16640625 0.1421875 0.16171875 0.15 0.12578125 0.14140625 0.1 0.10859375 0.10625
3 0.15390625 0.0953125 0.2078125 0.09453125 0.2140625 0.08984375 0.20859375 0.0421875 0.153125 0.04296875 0.15390625 0.0953125
3 0.0578125 0.20078125 0.05859375 0.1875 0.04765625 0.1953125 0.03203125 0.178125 0.0015625 0.20390625 0 0.23203125 0.00390625 0.2375 0.01953125 0.2328125 0.03046875 0.240625 0.0390625 0.25546875 0.040625 0.27890625 0.0546875 0.28046875 0.090625 0.27578125 0.090625 0.22734375 0.06875 0.21640625 0.0578125 0.20078125