3 1 0.10703125 0.9765625 0.08515625 0.9703125 0.07109375 0.9765625 0.00390625 0.96328125 0 0.9625 0.01328125 0.95703125 0.015625 0.9578125 0.00390625 0.94921875 0 0.946875 0.09921875 0.95625 0.09921875 0.953125 0.08671875 0.95859375 0.0765625 0.9625 0.09921875 0.97734375 0.1015625 0.975 0.11484375 0.990625 0.11796875 0.9796875 0.12265625 0.97578125 0.1375 0.9640625 0.13984375 0.9640625 0.16640625 0.9453125 0.16953125 0.94921875 0.18125 0.96171875 0.1703125 0.9640625 0.18203125 0.92734375 0.184375 0.93359375 0.196875 0.94609375 0.1859375 0.9484375 0.19765625 0.925 0.20078125 0.9328125 0.20390625 0.93359375 0.2109375 0.93984375 0.2015625 0.94765625 0.2015625 0.9484375 0.21328125 0.9359375 0.21640625 0.94765625 0.2171875 0.95078125 0.2265625 0.95234375 0.21875 0.96171875 0.2171875 0.9640625 0.22734375 0.9546875 0.23203125 0.965625 0.24140625 0.9671875 0.22734375 0.9828125 0.20859375 1 0.16171875 1 0.10703125
3 0.67890625 0 0.6640625 0.10234375 0.68828125 0.109375 0.71171875 0.125 0.73671875 0.121875 0.75390625 0.109375 0.771875 0.16953125 0.78515625 0.1796875 0.821875 0.18828125 0.8140625 0.26015625 0.8265625 0.28828125 0.8125 0.30859375 0.803125 0.34921875 0.8 0.39453125 0.8109375 0.41953125 0.7734375 0.58828125 0.76875 0.66796875 0.77734375 0.68125 0.78984375 0.684375 0.84140625 0.6828125 0.875 0.68828125 0.8875 0.65703125 0.89140625 0.5640625 0.8859375 0.56796875 0.884375 0.62578125 0.8796875 0.62890625 0.884375 0.63203125 0.878125 0.63984375 0.8765625 0.67109375 0.84921875 0.6796875 0.840625 0.67109375 0.8390625 0.65546875 0.8703125 0.24921875 0.8796875 0.21640625 0.8828125 0.14765625 0.89375 0.10703125 0.89375 0.00078125 0.85390625 0 0.8375 0.02265625 0.82890625 0.0625 0.8140625 0.04609375 0.81484375 0 0.67890625 0
3 1 0.10234375 0.9796875 0.08828125 0.9703125 0.06953125 0.97578125 0 0.94375 0.00234375 0.940625 0.06171875 0.921875 0.09296875 0.915625 0.11796875 0.9203125 0.20859375 0.915625 0.37265625 0.890625 0.58359375 0.8890625 0.65859375 0.88125 0.68203125 0.88359375 0.6890625 0.9078125 0.68828125 0.9125 0.68359375 0.9125 0.63671875 0.928125 0.53984375 0.9421875 0.35546875 0.9703125 0.22890625 0.984375 0.20859375 1 0.16171875 1 0.10234375
3 0.5171875 0.51953125 0.5078125 0.49296875 0.5078125 0.46953125 0.5265625 0.38828125 0.525 0.34609375 0.5390625 0.26328125 0.5375 0.22578125 0.5453125 0.18515625 0.5421875 0.09296875 0.5515625 0.06171875 0.54609375 0 0.515625 0.00078125 0.50625 0.05859375 0.50625 0.20703125 0.496875 0.27265625 0.5015625 0.37421875 0.49375 0.54921875 0.471875 0.65234375 0.47265625 0.6640625 0.5125 0.66796875 0.525 0.66328125 0.525 0.65078125 0.515625 0.56953125 0.5171875 0.51953125
3 0.61875 0.21328125 0.615625 0.18828125 0.63828125 0.1828125 0.6453125 0.16953125 0.6515625 0.12265625 0.63515625 0 0.5796875 0.00234375 0.5734375 0.03203125 0.575 0.11171875 0.5671875 0.15234375 0.5609375 0.26484375 0.565625 0.28203125 0.5765625 0.25703125 0.59453125 0.253125 0.609375 0.23515625 0.61875 0.21328125
3 0.4578125 0.04765625 0.45078125 0 0.4328125 0.00078125 0.4109375 0.15546875 0.415625 0.25703125 0.40625 0.66640625 0.41875 0.66796875 0.4234375 0.66484375 0.4296875 0.57890625 0.44375 0.23359375 0.4578125 0.04765625
3 0.371875 0.00078125 0.33203125 0 0.3265625 0.01953125 0.3296875 0.10859375 0.3203125 0.30859375 0.2859375 0.44140625 0.284375 0.54140625 0.303125 0.59765625 0.303125 0.65234375 0.353125 0.66015625 0.3734375 0.44609375 0.3671875 0.26796875 0.378125 0.10234375 0.371875 0.00078125
3 0.2734375 0.25390625 0.278125 0.00078125 0.24765625 0 0.24375 0.13828125 0.25 0.23515625 0.246875 0.28359375 0.234375 0.32265625 0.24375 0.45234375 0.240625 0.56015625 0.246875 0.63828125 0.25234375 0.646875 0.2671875 0.64765625 0.275 0.57734375 0.2765625 0.43984375 0.2890625 0.33203125 0.2734375 0.25390625
3 0.175 0.09140625 0.178125 0.01484375 0.184375 0.00078125 0.15859375 0 0.15625 0.10703125 0.15 0.13671875 0.1640625 0.55546875 0.1578125 0.62578125 0.16015625 0.6421875 0.184375 0.64296875 0.190625 0.39921875 0.1859375 0.28359375 0.19375 0.14609375 0.175 0.09140625
3 0.10078125 0 0.084375 0.00078125 0.08125 0.07890625 0.0640625 0.12734375 0.078125 0.24609375 0.0703125 0.39140625 0.078125 0.46484375 0.0828125 0.63671875 0.0921875 0.63984375 0.0984375 0.63671875 0.1 0.45234375 0.10625 0.38984375 0.10078125 0
3 0.60625 0.89609375 0.6140625 0.92421875 0.615625 0.95546875 0.61953125 0.9609375 0.621875 0.95703125 0.625 0.88671875 0.6328125 0.87265625 0.6328125 0.84609375 0.6390625 0.83203125 0.6296875 0.80859375 0.6296875 0.78984375 0.65625 0.72265625 0.671875 0.71328125 0.6859375 0.69140625 0.62734375 0.684375 0.57890625 0.690625 0.53046875 0.684375 0.42109375 0.6890625 0.4234375 0.70546875 0.44453125 0.7203125 0.45390625 0.7140625 0.465625 0.71953125 0.4796875 0.75078125 0.484375 0.82890625 0.490625 0.84140625 0.4828125 0.90234375 0.5109375 0.94296875 0.50625 0.99921875 0.5796875 0.99921875 0.584375 0.93828125 0.5921875 0.90234375 0.60078125 0.89375 0.60625 0.89609375
3 0.834375 0.81484375 0.82734375 0.8125 0.8109375 0.82109375 0.7875 0.95703125 0.7640625 0.99921875 0.846875 0.99921875 0.846875 0.90703125 0.834375 0.87578125 0.8390625 0.83203125 0.834375 0.81484375
3 1 0.70546875 0.98046875 0.7015625 0.96875 0.71015625 0.9671875 0.76015625 0.953125 0.81484375 0.9484375 0.88671875 0.9296875 0.99921875 0.9859375 0.99921875 1 0.93828125 1 0.70546875
3 0.9484375 0.61796875 0.959375 0.65859375 0.95625 0.69765625 1 0.69921875 0.99921875 0.3765625 0.990625 0.46640625 0.95 0.53828125 0.9484375 0.61796875