3 0.503125 0.91796875 0.50625 0.95703125 0.51015625 0.959375 0.5140625 0.95234375 0.515625 0.88515625 0.5265625 0.83828125 0.5203125 0.79296875 0.546875 0.72421875 0.5640625 0.71015625 0.575 0.68984375 0.56484375 0.6828125 0.51015625 0.6828125 0.46953125 0.690625 0.43046875 0.684375 0.39609375 0.684375 0.37734375 0.690625 0.31015625 0.6890625 0.3078125 0.69453125 0.32109375 0.7109375 0.35390625 0.71875 0.36875 0.74765625 0.3734375 0.82109375 0.38125 0.84765625 0.371875 0.89609375 0.3765625 0.91171875 0.4015625 0.94453125 0.3953125 0.99765625 0.4703125 0.99921875 0.4734375 0.94140625 0.48984375 0.89375 0.496875 0.89609375 0.503125 0.91796875
3 0.28984375 0.1265625 0.31171875 0.1109375 0.3375 0.10546875 0.3375 0.07265625 0.32421875 0 0.2046875 0.00234375 0.20625 0.17734375 0.21875 0.17890625 0.2375 0.16015625 0.24765625 0.10625 0.26640625 0.1234375 0.28984375 0.1265625
3 0.421875 0.00078125 0.38203125 0 0.37734375 0.0046875 0.36796875 0 0.35 0.11640625 0.353125 0.15859375 0.36328125 0.1828125 0.384375 0.18671875 0.3828125 0.21328125 0.3921875 0.23671875 0.40859375 0.2546875 0.42265625 0.25625 0.434375 0.28203125 0.4390625 0.28203125 0.4359375 0.16640625 0.4265625 0.10234375 0.428125 0.03046875 0.421875 0.00078125
3 0.5015625 0.41328125 0.5046875 0.26953125 0.4953125 0.19453125 0.496875 0.07109375 0.4859375 0.00078125 0.45546875 0 0.4484375 0.03984375 0.459375 0.10078125 0.4546875 0.17421875 0.4734375 0.32109375 0.475 0.38671875 0.49375 0.47265625 0.484375 0.51796875 0.484375 0.58046875 0.475 0.66015625 0.47734375 0.6828125 0.4984375 0.68203125 0.53046875 0.6796875 0.53125 0.65078125 0.509375 0.55546875 0.5015625 0.41328125
3 0.56875 0.00078125 0.54921875 0 0.54375 0.04921875 0.5578125 0.23828125 0.5765625 0.66796875 0.5875 0.67265625 0.596875 0.66953125 0.5859375 0.24609375 0.590625 0.15078125 0.56875 0.00078125
3 0.70703125 0.0015625 0.67421875 0.0015625 0.6703125 0.00703125 0.6625 0.30703125 0.625 0.46328125 0.6265625 0.54765625 0.6453125 0.59609375 0.64375 0.65234375 0.6734375 0.65859375 0.69296875 0.6578125 0.6984375 0.65234375 0.709375 0.54296875 0.70703125 0.0015625
3 0.7578125 0.12421875 0.75625 0.00078125 0.72734375 0 0.721875 0.09296875 0.7265625 0.27109375 0.7125 0.33046875 0.721875 0.45234375 0.725 0.63515625 0.73046875 0.6484375 0.746875 0.64765625 0.7671875 0.32109375 0.7546875 0.27734375 0.7515625 0.23984375 0.7578125 0.12421875
3 0.8515625 0.15078125 0.8328125 0.09453125 0.8359375 0.00078125 0.81328125 0 0.8140625 0.10546875 0.8078125 0.16328125 0.815625 0.24296875 0.8140625 0.37578125 0.8203125 0.48671875 0.815625 0.62578125 0.82109375 0.64375 0.8421875 0.64453125 0.8421875 0.45546875 0.8484375 0.38828125 0.8421875 0.28828125 0.8515625 0.15078125
3 0.91875 0.07109375 0.9171875 0.00078125 0.90078125 0 0.8953125 0.38984375 0.9015625 0.46015625 0.903125 0.63671875 0.915625 0.63984375 0.93125 0.39609375 0.925 0.20546875 0.9375 0.12734375 0.91875 0.07109375
3 0.984375 0.08828125 0.9890625 0.35859375 0.99375 0.37734375 1 0.31328125 0.99921875 0 0.9875 0.00390625 0.984375 0.08828125
3 0.76875 0.80859375 0.7640625 0.83359375 0.77421875 0.8546875 0.7890625 0.85546875 0.8015625 0.83984375 0.8015625 0.81484375 0.78203125 0.8015625 0.76875 0.80859375
3 0 0.16015625 0.0125 0.18984375 0.0125 0.20546875 0.0296875 0.23046875 0.0578125 0.34921875 0.08125 0.60078125 0.090625 0.65546875 0.1 0.67265625 0.1046875 0.58203125 0.1015625 0.47265625 0.0890625 0.39765625 0.08125 0.26796875 0.0859375 0.11171875 0.0625 0.06640625 0.0578125 0.00078125 0.02421875 0 0.03125 0.06640625 0.0234375 0.08515625 0 0.10546875 0 0.16015625
3 0.053125 0.54296875 0.034375 0.50234375 0.0125 0.47265625 0.00078125 0.3578125 0 0.69921875 0.040625 0.70078125 0.046875 0.69453125 0.0421875 0.65234375 0.053125 0.61953125 0.053125 0.54296875
3 0 0.92890625 0.01796875 1 0.071875 0.99921875 0.053125 0.88671875 0.0484375 0.81484375 0.040625 0.77734375 0.02734375 0.7640625 0 0.80390625 0 0.92890625
3 0.2203125 0.81328125 0.20078125 0.809375 0.1796875 0.88828125 0.1734375 0.94921875 0.1546875 0.99921875 0.2359375 0.99921875 0.228125 0.97578125 0.2296875 0.90703125 0.21875 0.87578125 0.2203125 0.81328125
3 0.2015625 0.10859375 0.19921875 0 0.16328125 0.0015625 0.1546875 0.01015625 0.14375 0.02890625 0.13984375 0.0625 0.1203125 0.03984375 0.1234375 0.00078125 0.10703125 0 0.1046875 0.00546875 0.1046875 0.17265625 0.1296875 0.19296875 0.1203125 0.22734375 0.1203125 0.26015625 0.134375 0.28359375 0.11875 0.30703125 0.10625 0.36640625 0.10625 0.40546875 0.1125 0.41171875 0.10625 0.45234375 0.10625 0.68203125 0.121875 0.68671875 0.1453125 0.68203125 0.1515625 0.63046875 0.178125 0.25703125 0.2015625 0.10859375
3 0.246875 0.60390625 0.240625 0.54921875 0.225 0.48671875 0.21015625 0.4765625 0.2046875 0.48046875 0.196875 0.65703125 0.1890625 0.68203125 0.19140625 0.6890625 0.2015625 0.68828125 0.26875 0.68203125 0.2640625 0.66015625 0.2375 0.62734375 0.246875 0.60390625
3 0.42109375 0.584375 0.39921875 0.58125 0.3921875 0.58828125 0.39375 0.68046875 0.4578125 0.68671875 0.4515625 0.50703125 0.42421875 0.4921875 0.4265625 0.57734375 0.42109375 0.584375
3 0.3578125 0.68359375 0.353125 0.65546875 0.31953125 0.64375 0.3140625 0.68203125 0.3578125 0.68359375