3 0.465625 0 0.465625 0.16796875 0.89140625 0.16796875 0.89140625 0 0.465625 0
3 0.86796875 0.7359375 0.6734375 0.7359375 0.6734375 0.99765625 0.86796875 0.99765625 0.86796875 0.7359375
3 0.84375 0.334375 0.678125 0.334375 0.678125 0.43984375 0.84375 0.43984375 0.84375 0.334375
3 0.809375 0.453125 0.6359375 0.453125 0.6359375 0.5015625 0.809375 0.5015625 0.809375 0.453125
3 0.21796875 0.628125 0.05 0.628125 0.05 0.70234375 0.21796875 0.70234375 0.21796875 0.628125
3 0.13515625 0.746875 0.0171875 0.746875 0.0171875 0.82890625 0.13515625 0.82890625 0.13515625 0.746875
3 0.9375 0.015625 0.8703125 0.015625 0.8703125 0.9984375 0.9375 0.9984375 0.9375 0.015625
3 0.28359375 0.440625 0.0671875 0.440625 0.0671875 0.521875 0.28359375 0.521875 0.28359375 0.440625
3 0.31484375 0.090625 0.21875 0.090625 0.21875 0.175 0.31484375 0.175 0.31484375 0.090625
3 0.34765625 0.76875 0.2578125 0.76875 0.2578125 0.8515625 0.34765625 0.8515625 0.34765625 0.76875
3 0.54453125 0.9546875 0.45 0.9546875 0.45 0.99921875 0.54453125 0.99921875 0.54453125 0.9546875
3 0.2421875 0.559375 0.1171875 0.559375 0.1171875 0.61171875 0.2421875 0.61171875 0.2421875 0.559375
3 0.796875 0.5125 0.6953125 0.5125 0.6953125 0.54921875 0.796875 0.54921875 0.796875 0.5125
3 0.83828125 0.5515625 0.775 0.5515625 0.775 0.5890625 0.83828125 0.5890625 0.83828125 0.5515625
3 0.13125 0.128125 0.059375 0.128125 0.059375 0.16171875 0.13125 0.16171875 0.13125 0.128125
3 0.228125 0.9109375 0.1609375 0.9109375 0.1609375 0.93125 0.228125 0.93125 0.228125 0.9109375
3 0.125 0.9015625 0.075 0.9015625 0.075 0.93203125 0.125 0.93203125 0.125 0.9015625
3 0.99921875 0.53125 0.95625 0.53125 0.95625 0.77890625 0.99921875 0.77890625 0.99921875 0.53125
3 1 0.0265625 0.9640625 0.0265625 0.9640625 0.06953125 1 0.06953125 1 0.0265625
3 0.67890625 0.240625 0.565625 0.240625 0.565625 0.275 0.67890625 0.275 0.67890625 0.240625