3 0.42109375 0.4265625 0.29375 0.4265625 0.29375 0.9984375 0.42109375 0.9984375 0.42109375 0.4265625
3 0.66796875 0.5421875 0.571875 0.5421875 0.571875 0.73671875 0.66796875 0.73671875 0.66796875 0.5421875
3 0.10390625 0.515625 0.065625 0.515625 0.065625 0.921875 0.10390625 0.921875 0.10390625 0.515625
3 0.065625 0.3828125 0.003125 0.3828125 0.003125 0.99609375 0.065625 0.99609375 0.065625 0.3828125
3 0.425 0.2265625 0.3484375 0.2265625 0.3484375 0.32265625 0.425 0.32265625 0.425 0.2265625
3 0.365625 0 0.365625 0.08125 0.4015625 0.08125 0.4015625 0 0.365625 0
3 0.84375 0.521875 0.79375 0.521875 0.79375 0.99921875 0.84375 0.99921875 0.84375 0.521875
3 0.78203125 0.5515625 0.7 0.5515625 0.7 0.953125 0.78203125 0.953125 0.78203125 0.5515625
3 0.91875 0.4515625 0.8375 0.4515625 0.8375 0.51484375 0.91875 0.51484375 0.91875 0.4515625
3 0.875 0.3390625 0.8421875 0.3390625 0.8421875 0.40703125 0.875 0.40703125 0.875 0.3390625
3 0.2703125 0.36875 0.228125 0.36875 0.228125 0.4515625 0.2703125 0.4515625 0.2703125 0.36875
3 0.2703125 0.5234375 0.2140625 0.5234375 0.2140625 0.671875 0.2703125 0.671875 0.2703125 0.5234375
3 0.24296875 0.6859375 0.1203125 0.6859375 0.1203125 0.99921875 0.24296875 0.99921875 0.24296875 0.6859375
3 0.7515625 0 0.7515625 0.0671875 0.790625 0.0671875 0.790625 0 0.7515625 0