3 0.9109375 0.240625 0.803125 0.240625 0.803125 0.62734375 0.9109375 0.62734375 0.9109375 0.240625
3 0.66171875 0.546875 0.4671875 0.546875 0.4671875 0.9984375 0.66171875 0.9984375 0.66171875 0.546875
3 0.5515625 0.196875 0.4671875 0.196875 0.4671875 0.34140625 0.5515625 0.34140625 0.5515625 0.196875
3 0.403125 0.121875 0.340625 0.121875 0.340625 0.23984375 0.403125 0.23984375 0.403125 0.121875
3 0.4890625 0.01875 0.4265625 0.01875 0.4265625 0.15546875 0.4890625 0.15546875 0.4890625 0.01875
3 0.49609375 0.74375 0.421875 0.74375 0.421875 0.8 0.49609375 0.8 0.49609375 0.74375
3 0.2765625 0.0984375 0.025 0.0984375 0.025 0.334375 0.2765625 0.334375 0.2765625 0.0984375
3 0 0.9265625 0.2421875 0.9265625 0.2421875 0.45625 0 0.45625 0 0.9265625
3 0.484375 0.5484375 0.2828125 0.5484375 0.2828125 0.60625 0.484375 0.60625 0.484375 0.5484375
3 1 0.0484375 0.65 0.0484375 0.65 0.2484375 1 0.2484375 1 0.0484375
3 0.54765625 0.1625 0.46875 0.1625 0.46875 0.2015625 0.54765625 0.2015625 0.54765625 0.1625
3 0.3921875 0 0.3921875 0.0578125 0.4234375 0.0578125 0.4234375 0 0.3921875 0
3 0.35 0 0.35 0.025 0.3765625 0.025 0.3765625 0 0.35 0