3 0.00078125 0 0 0.99921875 0.1890625 0.99921875 0.190625 0.65703125 0.1796875 0.43828125 0.1921875 0.22109375 0.1921875 0.00078125 0.13984375 0 0.12578125 0.00625 0.11328125 0 0.00078125 0
3 0.31875 0.43203125 0.325 0.36171875 0.31796875 0.3296875 0.31171875 0.34375 0.2984375 0.34765625 0.296875 0.38828125 0.290625 0.39296875 0.2921875 0.47109375 0.296875 0.47890625 0.290625 0.49453125 0.29375 0.51171875 0.3046875 0.51484375 0.3359375 0.47578125 0.328125 0.47421875 0.33125 0.45546875 0.31875 0.43203125
3 0.3234375 0.37890625 0.315625 0.26171875 0.30546875 0.25 0.2859375 0.27890625 0.284375 0.38671875 0.2953125 0.40078125 0.29921875 0.3921875 0.31015625 0.3890625 0.31796875 0.3953125 0.3234375 0.37890625
3 0.425 0.70234375 0.4140625 0.64921875 0.4078125 0.64765625 0.41328125 0.6390625 0.39296875 0.64375 0.359375 0.68515625 0.3828125 0.73203125 0.3796875 0.75078125 0.390625 0.81015625 0.3875 0.84453125 0.3984375 0.85390625 0.4078125 0.83203125 0.4078125 0.74765625 0.4234375 0.75859375 0.425 0.70234375
3 0.47890625 0.4296875 0.45546875 0.4390625 0.4546875 0.41328125 0.44765625 0.4078125 0.4234375 0.41328125 0.4234375 0.45234375 0.4171875 0.45859375 0.4265625 0.50859375 0.4375 0.51640625 0.4453125 0.51328125 0.4953125 0.44609375 0.49375 0.43828125 0.47890625 0.4296875
3 0.4140625 0.50234375 0.390625 0.47578125 0.3921875 0.46640625 0.41484375 0.4546875 0.4171875 0.44453125 0.4109375 0.42421875 0.39609375 0.4140625 0.37265625 0.41875 0.365625 0.42890625 0.3640625 0.53359375 0.353125 0.54921875 0.36875 0.56640625 0.37578125 0.55 0.40078125 0.55 0.4171875 0.52109375 0.4140625 0.50234375
3 0.57890625 0.475 0.5828125 0.46171875 0.55234375 0.4421875 0.53515625 0.440625 0.51796875 0.45625 0.50234375 0.459375 0.496875 0.47734375 0.50078125 0.4875 0.534375 0.49921875 0.5296875 0.53203125 0.5375 0.55234375 0.54375 0.55390625 0.5578125 0.53046875 0.546875 0.49140625 0.55703125 0.478125 0.57890625 0.475
3 0.72734375 0.309375 0.709375 0.32890625 0.7203125 0.40234375 0.7171875 0.42890625 0.703125 0.43984375 0.71875 0.45078125 0.71328125 0.45625 0.7265625 0.45703125 0.7234375 0.45078125 0.73125 0.44609375 0.734375 0.40390625 0.72734375 0.309375
3 0.92578125 0 0.83515625 0.0015625 0.8296875 0.05703125 0.84296875 0.065625 0.8703125 0.06640625 0.94921875 0.0625 0.959375 0.04765625 0.9625 0.00859375 0.92578125 0
3 0.78515625 0.0546875 0.76328125 0.0546875 0.75703125 0.0453125 0.696875 0.04921875 0.69921875 0.0671875 0.79375 0.06640625 0.82578125 0.0625 0.828125 0.04765625 0.79609375 0.04375 0.78515625 0.0546875
3 0.76796875 0 0.7578125 0.05546875 0.76640625 0.065625 0.7796875 0.06484375 0.79375 0.05859375 0.8 0.01796875 0.78984375 0 0.76796875 0
3 0.7359375 0.07109375 0.7359375 0.10546875 0.74140625 0.1234375 0.7546875 0.12265625 0.76875 0.08203125 0.765625 0.07109375 0.74921875 0.0609375 0.7359375 0.07109375
3 0.82734375 0.0390625 0.8171875 0.05859375 0.81875 0.09921875 0.83046875 0.115625 0.840625 0.11484375 0.846875 0.09921875 0.8453125 0.07421875 0.83125 0.05859375 0.82734375 0.0390625