3 0.71875 0.4078125 0.50625 0.4078125 0.50625 0.5703125 0.71875 0.5703125 0.71875 0.4078125
3 1 0.0046875 0.8046875 0.0046875 0.8046875 1 1 1 1 0.0046875
3 0.640625 0.6328125 0.553125 0.6328125 0.553125 0.8890625 0.640625 0.8890625 0.640625 0.6328125
3 0.3953125 0.4375 0.35 0.4375 0.35 0.496875 0.3953125 0.496875 0.3953125 0.4375
3 0.6046875 0.171875 0.5609375 0.171875 0.5609375 0.2625 0.6046875 0.2625 0.6046875 0.171875
3 0.4328125 0.159375 0.403125 0.159375 0.403125 0.221875 0.4328125 0.221875 0.4328125 0.159375
3 0.30625 0.003125 0.0046875 0.003125 0.0046875 0.1265625 0.30625 0.1265625 0.30625 0.003125
3 0.1609375 0.359375 0.1078125 0.359375 0.1078125 0.525 0.1609375 0.525 0.1609375 0.359375
3 0.1921875 0.70625 0.153125 0.70625 0.153125 0.753125 0.1921875 0.753125 0.1921875 0.70625
3 0.1453125 0.8515625 0.115625 0.8515625 0.115625 0.9984375 0.1453125 0.9984375 0.1453125 0.8515625
3 0.721875 0.0078125 0.6359375 0.0078125 0.6359375 0.5328125 0.721875 0.5328125 0.721875 0.0078125